> -Z
-115.111609 32.036925
-115.167810 32.080811
-115.144399 32.102356
-115.088197 32.058470
-115.111609 32.036925
> -Z
-115.056539 31.992166
-115.112713 32.036052
-115.089313 32.057597
-115.033139 32.013711
-115.056539 31.992166
> -Z
-115.001524 31.947384
-115.057671 31.991270
-115.034282 32.012815
-114.978135 31.968929
-115.001524 31.947384
> -Z
-114.946563 31.902580
-115.002682 31.946466
-114.979305 31.968011
-114.923186 31.924125
-114.946563 31.902580
> -Z
-115.113181 32.066855
-115.150667 32.096117
-115.133940 32.111505
-115.096455 32.082243
-115.113181 32.066855
> -Z
-115.076454 32.037015
-115.113926 32.066277
-115.097205 32.081665
-115.059732 32.052403
-115.076454 32.037015
> -Z
-115.039751 32.007165
-115.077211 32.036427
-115.060495 32.051815
-115.023035 32.022553
-115.039751 32.007165
> -Z
-115.003071 31.977306
-115.040519 32.006568
-115.023809 32.021956
-114.986360 31.992694
-115.003071 31.977306
> -Z
-114.966415 31.947437
-115.003851 31.976699
-114.987146 31.992087
-114.949710 31.962825
-114.966415 31.947437
> -Z
-114.929782 31.917558
-114.967206 31.946820
-114.950506 31.962208
-114.913082 31.932946
-114.929782 31.917558
> -Z
-115.110334 32.085070
-115.138449 32.107014
-115.126498 32.118006
-115.098382 32.096063
-115.110334 32.085070
> -Z
-115.082782 32.062690
-115.110891 32.084634
-115.098942 32.095626
-115.070834 32.073683
-115.082782 32.062690
> -Z
-115.055244 32.040304
-115.083346 32.062248
-115.071401 32.073240
-115.043299 32.051297
-115.055244 32.040304
> -Z
-115.027720 32.017912
-115.055815 32.039856
-115.043872 32.050848
-115.015777 32.028905
-115.027720 32.017912
> -Z
-115.000208 31.995515
-115.028296 32.017459
-115.016357 32.028451
-114.988269 32.006508
-115.000208 31.995515
> -Z
-114.972711 31.973112
-115.000792 31.995056
-114.988855 32.006048
-114.960774 31.984105
-114.972711 31.973112
> -Z
-114.945226 31.950704
-114.973300 31.972648
-114.961367 31.983640
-114.933293 31.961697
-114.945226 31.950704
> -Z
-114.917756 31.928290
-114.945823 31.950234
-114.933892 31.961226
-114.905825 31.939283
-114.917756 31.928290
> -Z
-115.109259 32.098846
-115.129713 32.114808
-115.121174 32.122660
-115.100720 32.106699
-115.109259 32.098846
> -Z
-115.089218 32.082569
-115.109668 32.098531
-115.101131 32.106383
-115.080680 32.090422
-115.089218 32.082569
> -Z
-115.069185 32.066289
-115.089632 32.082251
-115.081096 32.090103
-115.060649 32.074142
-115.069185 32.066289
> -Z
-115.049157 32.050006
-115.069601 32.065968
-115.061066 32.073820
-115.040623 32.057859
-115.049157 32.050006
> -Z
-115.029138 32.033720
-115.049578 32.049682
-115.041045 32.057534
-115.020605 32.041573
-115.029138 32.033720
> -Z
-115.009126 32.017431
-115.029562 32.033393
-115.021031 32.041245
-115.000595 32.025284
-115.009126 32.017431
> -Z
-114.989121 32.001140
-115.009553 32.017102
-115.001024 32.024954
-114.980591 32.008993
-114.989121 32.001140
> -Z
-114.969123 31.984845
-114.989552 32.000807
-114.981023 32.008659
-114.960594 31.992698
-114.969123 31.984845
> -Z
-114.949133 31.968548
-114.969558 31.984510
-114.961031 31.992362
-114.940606 31.976401
-114.949133 31.968548
> -Z
-114.929148 31.952248
-114.949570 31.968210
-114.941045 31.976062
-114.920623 31.960101
-114.929148 31.952248
> -Z
-114.909171 31.935944
-114.929589 31.951906
-114.921065 31.959758
-114.900647 31.943797
-114.909171 31.935944
> -Z
-115.108471 32.108670
-115.123468 32.120370
-115.117370 32.125978
-115.102374 32.114277
-115.108471 32.108670
> -Z
-115.093772 32.096734
-115.108767 32.108434
-115.102670 32.114042
-115.087675 32.102341
-115.093772 32.096734
> -Z
-115.079078 32.084795
-115.094071 32.096495
-115.087974 32.102103
-115.072982 32.090402
-115.079078 32.084795
> -Z
-115.064387 32.072856
-115.079378 32.084556
-115.073282 32.090164
-115.058292 32.078463
-115.064387 32.072856
> -Z
-115.049701 32.060914
-115.064690 32.072614
-115.058595 32.078222
-115.043607 32.066521
-115.049701 32.060914
> -Z
-115.035018 32.048971
-115.050005 32.060671
-115.043911 32.066279
-115.028925 32.054578
-115.035018 32.048971
> -Z
-115.020339 32.037027
-115.035324 32.048727
-115.029231 32.054335
-115.014246 32.042634
-115.020339 32.037027
> -Z
-115.005663 32.025081
-115.020646 32.036781
-115.014554 32.042389
-114.999571 32.030688
-115.005663 32.025081
> -Z
-114.990992 32.013133
-115.005973 32.024833
-114.999881 32.030441
-114.984901 32.018740
-114.990992 32.013133
> -Z
-114.976324 32.001184
-114.991303 32.012884
-114.985212 32.018492
-114.970234 32.006791
-114.976324 32.001184
> -Z
-114.961660 31.989233
-114.976637 32.000933
-114.970547 32.006541
-114.955570 31.994840
-114.961660 31.989233
> -Z
-114.947000 31.977281
-114.961975 31.988981
-114.955886 31.994589
-114.940911 31.982888
-114.947000 31.977281
> -Z
-114.932344 31.965327
-114.947317 31.977027
-114.941229 31.982635
-114.926256 31.970934
-114.932344 31.965327
> -Z
-114.917692 31.953372
-114.932663 31.965072
-114.926575 31.970680
-114.911605 31.958979
-114.917692 31.953372
> -Z
-114.903043 31.941415
-114.918012 31.953115
-114.911925 31.958723
-114.896956 31.947022
-114.903043 31.941415
> -Z
-115.108289 32.115990
-115.119007 32.124352
-115.114649 32.128359
-115.103931 32.119996
-115.108289 32.115990
> -Z
-115.097789 32.107463
-115.108506 32.115825
-115.104149 32.119832
-115.093432 32.111469
-115.097789 32.107463
> -Z
-115.087292 32.098936
-115.098008 32.107298
-115.093651 32.111305
-115.082935 32.102942
-115.087292 32.098936
> -Z
-115.076795 32.090409
-115.087510 32.098771
-115.083154 32.102778
-115.072439 32.094415
-115.076795 32.090409
> -Z
-115.066302 32.081880
-115.077016 32.090242
-115.072660 32.094249
-115.061946 32.085886
-115.066302 32.081880
> -Z
-115.055809 32.073351
-115.066522 32.081713
-115.062167 32.085720
-115.051454 32.077357
-115.055809 32.073351
> -Z
-115.045320 32.064820
-115.056032 32.073182
-115.051677 32.077189
-115.040965 32.068826
-115.045320 32.064820
> -Z
-115.034831 32.056289
-115.045542 32.064651
-115.041188 32.068658
-115.030477 32.060295
-115.034831 32.056289
> -Z
-115.024346 32.047758
-115.035056 32.056120
-115.030702 32.060127
-115.019992 32.051764
-115.024346 32.047758
> -Z
-115.013861 32.039225
-115.024570 32.047587
-115.020216 32.051594
-115.009507 32.043231
-115.013861 32.039225
> -Z
-115.003380 32.030692
-115.014088 32.039054
-115.009734 32.043061
-114.999026 32.034698
-115.003380 32.030692
> -Z
-114.992899 32.022157
-115.003606 32.030519
-114.999253 32.034526
-114.988546 32.026163
-114.992899 32.022157
> -Z
-114.982421 32.013622
-114.993127 32.021984
-114.988774 32.025991
-114.978068 32.017628
-114.982421 32.013622
> -Z
-114.971944 32.005086
-114.982649 32.013448
-114.978297 32.017455
-114.967592 32.009092
-114.971944 32.005086
> -Z
-114.961470 31.996550
-114.972174 32.004912
-114.967822 32.008919
-114.957118 32.000556
-114.961470 31.996550
> -Z
-114.950997 31.988012
-114.961700 31.996374
-114.957349 32.000381
-114.946646 31.992018
-114.950997 31.988012
> -Z
-114.940527 31.979474
-114.951229 31.987836
-114.946878 31.991843
-114.936176 31.983480
-114.940527 31.979474
> -Z
-114.930058 31.970935
-114.940759 31.979297
-114.936409 31.983304
-114.925708 31.974941
-114.930058 31.970935
> -Z
-114.919592 31.962395
-114.930292 31.970757
-114.925942 31.974764
-114.915242 31.966401
-114.919592 31.962395
> -Z
-114.909127 31.953855
-114.919826 31.962217
-114.915477 31.966224
-114.904777 31.957861
-114.909127 31.953855
> -Z
-114.898665 31.945313
-114.909363 31.953675
-114.905013 31.957682
-114.894315 31.949319
-114.898665 31.945313
> -Z
-115.108057 32.121137
-115.115818 32.127191
-115.112708 32.130051
-115.104947 32.123996
-115.108057 32.121137
> -Z
-115.100454 32.114963
-115.108214 32.121017
-115.105104 32.123877
-115.097343 32.117822
-115.100454 32.114963
> -Z
-115.092851 32.108789
-115.100611 32.114843
-115.097501 32.117703
-115.089741 32.111648
-115.092851 32.108789
> -Z
-115.085249 32.102614
-115.093009 32.108668
-115.089899 32.111528
-115.082139 32.105473
-115.085249 32.102614
> -Z
-115.077648 32.096438
-115.085407 32.102492
-115.082298 32.105352
-115.074539 32.099297
-115.077648 32.096438
> -Z
-115.070049 32.090262
-115.077807 32.096316
-115.074698 32.099176
-115.066939 32.093121
-115.070049 32.090262
> -Z
-115.062450 32.084086
-115.070208 32.090140
-115.067099 32.093000
-115.059341 32.086945
-115.062450 32.084086
> -Z
-115.054852 32.077909
-115.062610 32.083963
-115.059501 32.086823
-115.051743 32.080768
-115.054852 32.077909
> -Z
-115.047255 32.071732
-115.055012 32.077786
-115.051904 32.080646
-115.044147 32.074591
-115.047255 32.071732
> -Z
-115.039661 32.065555
-115.047417 32.071609
-115.044308 32.074469
-115.036552 32.068414
-115.039661 32.065555
> -Z
-115.032066 32.059377
-115.039822 32.065431
-115.036713 32.068291
-115.028957 32.062236
-115.032066 32.059377
> -Z
-115.024472 32.053198
-115.032228 32.059252
-115.029119 32.062112
-115.021364 32.056057
-115.024472 32.053198
> -Z
-115.016879 32.047020
-115.024634 32.053074
-115.021526 32.055934
-115.013771 32.049879
-115.016879 32.047020
> -Z
-115.009289 32.040840
-115.017043 32.046894
-115.013935 32.049754
-115.006181 32.043699
-115.009289 32.040840
> -Z
-115.001698 32.034661
-115.009452 32.040715
-115.006344 32.043575
-114.998590 32.037520
-115.001698 32.034661
> -Z
-114.994108 32.028481
-115.001862 32.034535
-114.998754 32.037395
-114.991001 32.031340
-114.994108 32.028481
> -Z
-114.986520 32.022300
-114.994273 32.028354
-114.991166 32.031214
-114.983413 32.025159
-114.986520 32.022300
> -Z
-114.978933 32.016119
-114.986685 32.022173
-114.983578 32.025033
-114.975826 32.018978
-114.978933 32.016119
> -Z
-114.971346 32.009938
-114.979098 32.015992
-114.975991 32.018852
-114.968239 32.012797
-114.971346 32.009938
> -Z
-114.963761 32.003756
-114.971513 32.009810
-114.968406 32.012670
-114.960655 32.006615
-114.963761 32.003756
> -Z
-114.956177 31.997574
-114.963927 32.003628
-114.960821 32.006488
-114.953070 32.000433
-114.956177 31.997574
> -Z
-114.948594 31.991392
-114.956344 31.997446
-114.953238 32.000306
-114.945488 31.994251
-114.948594 31.991392
> -Z
-114.941011 31.985209
-114.948761 31.991263
-114.945655 31.994123
-114.937905 31.988068
-114.941011 31.985209
> -Z
-114.933430 31.979025
-114.941179 31.985079
-114.938074 31.987939
-114.930325 31.981884
-114.933430 31.979025
> -Z
-114.925850 31.972841
-114.933598 31.978895
-114.930493 31.981755
-114.922744 31.975700
-114.925850 31.972841
> -Z
-114.918271 31.966657
-114.926019 31.972711
-114.922914 31.975571
-114.915166 31.969516
-114.918271 31.966657
> -Z
-114.910692 31.960473
-114.918440 31.966527
-114.915335 31.969387
-114.907587 31.963332
-114.910692 31.960473
> -Z
-114.903115 31.954287
-114.910862 31.960341
-114.907758 31.963201
-114.900010 31.957146
-114.903115 31.954287
> -Z
-114.895539 31.948102
-114.903285 31.954156
-114.900180 31.957016
-114.892434 31.950961
-114.895539 31.948102
> -Z
-115.275227 32.245285
-115.220666 32.207163
-115.221413 32.206398
-115.275974 32.244519
-115.275227 32.245285
> -Z
-115.221638 32.206366
-115.167100 32.168244
-115.167847 32.167479
-115.222385 32.205600
-115.221638 32.206366
> -Z
-115.168095 32.167427
-115.113580 32.129305
-115.114327 32.128540
-115.168841 32.166661
-115.168095 32.167427
> -Z
-115.275652 32.244843
-115.234731 32.216251
-115.235265 32.215705
-115.276186 32.244296
-115.275652 32.244843
> -Z
-115.235454 32.215659
-115.194546 32.187067
-115.195080 32.186521
-115.235987 32.215112
-115.235454 32.215659
> -Z
-115.195281 32.186462
-115.154387 32.157870
-115.154920 32.157324
-115.195815 32.185915
-115.195281 32.186462
> -Z
-115.155134 32.157253
-115.114253 32.128661
-115.114786 32.128115
-115.155668 32.156706
-115.155134 32.157253
> -Z
-115.275968 32.244515
-115.243234 32.221645
-115.243616 32.221254
-115.276349 32.244125
-115.275968 32.244515
> -Z
-115.243805 32.221169
-115.211081 32.198299
-115.211462 32.197908
-115.244187 32.220779
-115.243805 32.221169
> -Z
-115.211660 32.197815
-115.178944 32.174945
-115.179325 32.174554
-115.212041 32.197425
-115.211660 32.197815
> -Z
-115.179532 32.174454
-115.146824 32.151584
-115.147205 32.151193
-115.179913 32.174064
-115.179532 32.174454
> -Z
-115.147420 32.151086
-115.114720 32.128216
-115.115101 32.127825
-115.147801 32.150696
-115.147420 32.151086
> -Z
-115.276164 32.244307
-115.252784 32.227971
-115.253057 32.227692
-115.276436 32.244028
-115.276164 32.244307
> -Z
-115.253189 32.227633
-115.229813 32.211297
-115.230086 32.211018
-115.253461 32.227354
-115.253189 32.227633
> -Z
-115.230221 32.210955
-115.206850 32.194619
-115.207123 32.194340
-115.230494 32.210676
-115.230221 32.210955
> -Z
-115.207263 32.194273
-115.183897 32.177937
-115.184169 32.177658
-115.207536 32.193994
-115.207263 32.194273
> -Z
-115.184313 32.177588
-115.160951 32.161252
-115.161223 32.160973
-115.184585 32.177309
-115.184313 32.177588
> -Z
-115.161372 32.160898
-115.138014 32.144562
-115.138286 32.144283
-115.161644 32.160619
-115.161372 32.160898
> -Z
-115.138439 32.144205
-115.115085 32.127869
-115.115357 32.127590
-115.138711 32.143926
-115.138439 32.144205
> -Z
-115.276302 32.244161
-115.259935 32.232725
-115.260130 32.232526
-115.276496 32.243961
-115.276302 32.244161
> -Z
-115.260218 32.232490
-115.243853 32.221054
-115.244048 32.220855
-115.260412 32.232290
-115.260218 32.232490
> -Z
-115.244138 32.220817
-115.227775 32.209381
-115.227970 32.209182
-115.244332 32.220617
-115.244138 32.220817
> -Z
-115.228063 32.209142
-115.211702 32.197706
-115.211897 32.197507
-115.228257 32.208942
-115.228063 32.209142
> -Z
-115.211991 32.197466
-115.195632 32.186030
-115.195827 32.185831
-115.212185 32.197266
-115.211991 32.197466
> -Z
-115.195923 32.185787
-115.179567 32.174351
-115.179762 32.174152
-115.196118 32.185587
-115.195923 32.185787
> -Z
-115.179860 32.174107
-115.163507 32.162671
-115.163701 32.162472
-115.180055 32.173907
-115.179860 32.174107
> -Z
-115.163800 32.162424
-115.147449 32.150988
-115.147643 32.150789
-115.163995 32.162224
-115.163800 32.162424
> -Z
-115.147745 32.150740
-115.131396 32.139304
-115.131590 32.139105
-115.147940 32.150540
-115.147745 32.150740
> -Z
-115.131695 32.139054
-115.115348 32.127618
-115.115542 32.127419
-115.131890 32.138854
-115.131695 32.139054
> -Z
-115.276405 32.244054
-115.264711 32.235884
-115.264850 32.235741
-115.276544 32.243912
-115.276405 32.244054
> -Z
-115.264915 32.235718
-115.253222 32.227548
-115.253361 32.227405
-115.265054 32.235576
-115.264915 32.235718
> -Z
-115.253429 32.227381
-115.241737 32.219211
-115.241876 32.219068
-115.253568 32.227239
-115.253429 32.227381
> -Z
-115.241943 32.219043
-115.230252 32.210873
-115.230391 32.210730
-115.242082 32.218901
-115.241943 32.219043
> -Z
-115.230461 32.210705
-115.218771 32.202535
-115.218910 32.202392
-115.230599 32.210563
-115.230461 32.210705
> -Z
-115.218980 32.202365
-115.207291 32.194195
-115.207430 32.194052
-115.219119 32.202223
-115.218980 32.202365
> -Z
-115.207501 32.194024
-115.195814 32.185854
-115.195953 32.185711
-115.207640 32.193882
-115.207501 32.194024
> -Z
-115.196025 32.185682
-115.184339 32.177512
-115.184477 32.177369
-115.196164 32.185540
-115.196025 32.185682
> -Z
-115.184550 32.177339
-115.172865 32.169169
-115.173004 32.169026
-115.184689 32.177197
-115.184550 32.177339
> -Z
-115.173078 32.168996
-115.161394 32.160826
-115.161533 32.160683
-115.173217 32.168854
-115.173078 32.168996
> -Z
-115.161608 32.160651
-115.149925 32.152481
-115.150064 32.152338
-115.161747 32.160509
-115.161608 32.160651
> -Z
-115.150140 32.152305
-115.138458 32.144135
-115.138597 32.143992
-115.150279 32.152163
-115.150140 32.152305
> -Z
-115.138674 32.143958
-115.126993 32.135788
-115.127132 32.135645
-115.138813 32.143816
-115.138674 32.143958
> -Z
-115.127210 32.135611
-115.115530 32.127441
-115.115669 32.127298
-115.127349 32.135469
-115.127210 32.135611
> -Z
-115.276476 32.243979
-115.268288 32.238259
-115.268387 32.238157
-115.276575 32.243878
-115.276476 32.243979
> -Z
-115.268433 32.238144
-115.260246 32.232424
-115.260346 32.232322
-115.268532 32.238043
-115.268433 32.238144
> -Z
-115.260391 32.232309
-115.252205 32.226589
-115.252304 32.226487
-115.260490 32.232208
-115.260391 32.232309
> -Z
-115.252351 32.226473
-115.244165 32.220753
-115.244264 32.220651
-115.252450 32.226372
-115.252351 32.226473
> -Z
-115.244310 32.220637
-115.236125 32.214917
-115.236224 32.214815
-115.244410 32.220536
-115.244310 32.220637
> -Z
-115.236272 32.214800
-115.228088 32.209080
-115.228187 32.208978
-115.236371 32.214699
-115.236272 32.214800
> -Z
-115.228235 32.208962
-115.220051 32.203242
-115.220150 32.203140
-115.228334 32.208861
-115.228235 32.208962
> -Z
-115.220199 32.203124
-115.212015 32.197404
-115.212114 32.197302
-115.220298 32.203023
-115.220199 32.203124
> -Z
-115.212162 32.197286
-115.203979 32.191566
-115.204078 32.191464
-115.212262 32.197185
-115.212162 32.197286
> -Z
-115.204128 32.191447
-115.195946 32.185727
-115.196045 32.185625
-115.204227 32.191346
-115.204128 32.191447
> -Z
-115.196095 32.185608
-115.187913 32.179888
-115.188012 32.179786
-115.196194 32.185507
-115.196095 32.185608
> -Z
-115.188063 32.179768
-115.179881 32.174048
-115.179980 32.173946
-115.188162 32.179667
-115.188063 32.179768
> -Z
-115.180031 32.173928
-115.171850 32.168208
-115.171949 32.168106
-115.180131 32.173827
-115.180031 32.173928
> -Z
-115.172001 32.168087
-115.163821 32.162367
-115.163920 32.162265
-115.172100 32.167986
-115.172001 32.168087
> -Z
-115.163972 32.162246
-115.155792 32.156526
-115.155891 32.156424
-115.164071 32.162145
-115.163972 32.162246
> -Z
-115.155944 32.156405
-115.147764 32.150685
-115.147863 32.150583
-115.156043 32.156304
-115.155944 32.156405
> -Z
-115.147916 32.150563
-115.139737 32.144843
-115.139837 32.144741
-115.148015 32.150462
-115.147916 32.150563
> -Z
-115.139890 32.144720
-115.131712 32.139000
-115.131811 32.138898
-115.139989 32.144619
-115.139890 32.144720
> -Z
-115.131865 32.138877
-115.123687 32.133157
-115.123786 32.133055
-115.131964 32.138776
-115.131865 32.138877
> -Z
-115.123841 32.133033
-115.115663 32.127313
-115.115762 32.127211
-115.123940 32.132932
-115.123841 32.133033
> -Z
-115.416513 32.356179
-115.337543 32.310537
-115.344797 32.301581
-115.423767 32.347223
-115.416513 32.356179
> -Z
-115.338705 32.309457
-115.259775 32.263815
-115.267026 32.254859
-115.345955 32.300501
-115.338705 32.309457
> -Z
-115.421600 32.350015
-115.368960 32.319589
-115.374140 32.313192
-115.426781 32.343618
-115.421600 32.350015
> -Z
-115.369716 32.318880
-115.317094 32.288454
-115.322273 32.282057
-115.374895 32.312483
-115.369716 32.318880
> -Z
-115.317868 32.287724
-115.265264 32.257298
-115.270441 32.250901
-115.323045 32.281327
-115.317868 32.287724
> -Z
-115.425276 32.345576
-115.385795 32.322754
-115.389496 32.318185
-115.428976 32.341006
-115.425276 32.345576
> -Z
-115.386359 32.322229
-115.346888 32.299407
-115.350588 32.294838
-115.390058 32.317659
-115.386359 32.322229
> -Z
-115.347462 32.298871
-115.308002 32.276049
-115.311700 32.271480
-115.351160 32.294301
-115.347462 32.298871
> -Z
-115.308584 32.275502
-115.269135 32.252680
-115.272833 32.248111
-115.312282 32.270932
-115.308584 32.275502
> -Z
-115.427875 32.342429
-115.401553 32.327213
-115.404196 32.323949
-115.430519 32.339164
-115.427875 32.342429
> -Z
-115.401928 32.326867
-115.375610 32.311651
-115.378253 32.308387
-115.404571 32.323602
-115.401928 32.326867
> -Z
-115.375988 32.311301
-115.349675 32.296085
-115.352318 32.292821
-115.378631 32.308036
-115.375988 32.311301
> -Z
-115.350059 32.295730
-115.323751 32.280514
-115.326393 32.277250
-115.352702 32.292465
-115.350059 32.295730
> -Z
-115.324138 32.280153
-115.297834 32.264937
-115.300476 32.261673
-115.326780 32.276888
-115.324138 32.280153
> -Z
-115.298227 32.264571
-115.271927 32.249355
-115.274568 32.246091
-115.300868 32.261306
-115.298227 32.264571
> -Z
-115.429735 32.340176
-115.412188 32.330032
-115.414075 32.327701
-115.431623 32.337845
-115.429735 32.340176
> -Z
-115.412435 32.329803
-115.394890 32.319659
-115.396777 32.317328
-115.414323 32.327472
-115.412435 32.329803
> -Z
-115.395139 32.319428
-115.377596 32.309284
-115.379483 32.306953
-115.397027 32.317097
-115.395139 32.319428
> -Z
-115.377847 32.309050
-115.360306 32.298906
-115.362193 32.296575
-115.379734 32.306719
-115.377847 32.309050
> -Z
-115.360559 32.298671
-115.343020 32.288527
-115.344906 32.286196
-115.362446 32.296340
-115.360559 32.298671
> -Z
-115.343276 32.288289
-115.325739 32.278145
-115.327625 32.275814
-115.345163 32.285958
-115.343276 32.288289
> -Z
-115.325996 32.277905
-115.308461 32.267761
-115.310347 32.265430
-115.327883 32.275574
-115.325996 32.277905
> -Z
-115.308720 32.267518
-115.291187 32.257374
-115.293073 32.255043
-115.310606 32.265187
-115.308720 32.267518
> -Z
-115.291448 32.257130
-115.273917 32.246986
-115.275803 32.244655
-115.293334 32.254799
-115.291448 32.257130
> -Z
-115.431068 32.338559
-115.418924 32.331539
-115.420272 32.329873
-115.432417 32.336894
-115.431068 32.338559
> -Z
-115.419090 32.331378
-115.406947 32.324358
-115.408296 32.322692
-115.420439 32.329713
-115.419090 32.331378
> -Z
-115.407115 32.324197
-115.394973 32.317177
-115.396321 32.315511
-115.408463 32.322532
-115.407115 32.324197
> -Z
-115.395141 32.317014
-115.383000 32.309994
-115.384349 32.308328
-115.396490 32.315349
-115.395141 32.317014
> -Z
-115.383170 32.309830
-115.371030 32.302810
-115.372378 32.301144
-115.384518 32.308165
-115.383170 32.309830
> -Z
-115.371200 32.302645
-115.359061 32.295625
-115.360409 32.293959
-115.372549 32.300980
-115.371200 32.302645
> -Z
-115.359232 32.295459
-115.347094 32.288439
-115.348442 32.286773
-115.360580 32.293794
-115.359232 32.295459
> -Z
-115.347266 32.288272
-115.335129 32.281252
-115.336477 32.279586
-115.348614 32.286607
-115.347266 32.288272
> -Z
-115.335302 32.281084
-115.323166 32.274064
-115.324513 32.272398
-115.336650 32.279419
-115.335302 32.281084
> -Z
-115.323341 32.273895
-115.311205 32.266875
-115.312553 32.265209
-115.324688 32.272230
-115.323341 32.273895
> -Z
-115.311380 32.266705
-115.299246 32.259685
-115.300593 32.258019
-115.312728 32.265040
-115.311380 32.266705
> -Z
-115.299423 32.259513
-115.287289 32.252493
-115.288637 32.250827
-115.300770 32.257848
-115.299423 32.259513
> -Z
-115.287466 32.252321
-115.275333 32.245301
-115.276681 32.243635
-115.288814 32.250656
-115.287466 32.252321
> -Z
-115.432026 32.337403
-115.423252 32.332331
-115.424215 32.331142
-115.432988 32.336214
-115.432026 32.337403
> -Z
-115.423375 32.332218
-115.414602 32.327146
-115.415565 32.325957
-115.424338 32.331029
-115.423375 32.332218
> -Z
-115.414726 32.327032
-115.405954 32.321960
-115.406916 32.320771
-115.415689 32.325843
-115.414726 32.327032
> -Z
-115.406078 32.321845
-115.397306 32.316773
-115.398268 32.315584
-115.407040 32.320656
-115.406078 32.321845
> -Z
-115.397430 32.316657
-115.388658 32.311585
-115.389621 32.310396
-115.398392 32.315468
-115.397430 32.316657
> -Z
-115.388783 32.311469
-115.380012 32.306397
-115.380975 32.305208
-115.389746 32.310280
-115.388783 32.311469
> -Z
-115.380138 32.306281
-115.371368 32.301209
-115.372330 32.300020
-115.381101 32.305092
-115.380138 32.306281
> -Z
-115.371493 32.301092
-115.362723 32.296020
-115.363685 32.294831
-115.372455 32.299903
-115.371493 32.301092
> -Z
-115.362850 32.295902
-115.354080 32.290830
-115.355042 32.289641
-115.363812 32.294713
-115.362850 32.295902
> -Z
-115.354207 32.290712
-115.345438 32.285640
-115.346401 32.284451
-115.355170 32.289523
-115.354207 32.290712
> -Z
-115.345566 32.285521
-115.336798 32.280449
-115.337760 32.279260
-115.346528 32.284332
-115.345566 32.285521
> -Z
-115.336925 32.280330
-115.328157 32.275258
-115.329119 32.274069
-115.337887 32.279141
-115.336925 32.280330
> -Z
-115.328286 32.275138
-115.319518 32.270066
-115.320480 32.268877
-115.329248 32.273949
-115.328286 32.275138
> -Z
-115.319647 32.269945
-115.310880 32.264873
-115.311842 32.263684
-115.320609 32.268756
-115.319647 32.269945
> -Z
-115.311009 32.264752
-115.302243 32.259680
-115.303205 32.258491
-115.311971 32.263563
-115.311009 32.264752
> -Z
-115.302373 32.259559
-115.293607 32.254487
-115.294569 32.253298
-115.303335 32.258370
-115.302373 32.259559
> -Z
-115.293738 32.254365
-115.284972 32.249293
-115.285934 32.248104
-115.294700 32.253176
-115.293738 32.254365
> -Z
-115.285103 32.249170
-115.276338 32.244098
-115.277300 32.242909
-115.286065 32.247981
-115.285103 32.249170
> -Z
-115.501939 32.451413
-115.449635 32.409279
-115.464787 32.395886
-115.517090 32.438019
-115.501939 32.451413
> -Z
-115.450567 32.408599
-115.398289 32.366465
-115.413433 32.353072
-115.465712 32.395205
-115.450567 32.408599
> -Z
-115.512725 32.442075
-115.477862 32.413989
-115.488683 32.404423
-115.523545 32.432509
-115.512725 32.442075
> -Z
-115.478469 32.413539
-115.443617 32.385453
-115.454435 32.375887
-115.489286 32.403973
-115.478469 32.413539
> -Z
-115.444235 32.384995
-115.409394 32.356909
-115.420208 32.347343
-115.455049 32.375429
-115.444235 32.384995
> -Z
-115.520461 32.435381
-115.494318 32.414317
-115.502047 32.407484
-115.528190 32.428547
-115.520461 32.435381
> -Z
-115.494766 32.413982
-115.468629 32.392918
-115.476356 32.386085
-115.502493 32.407148
-115.494766 32.413982
> -Z
-115.469083 32.392579
-115.442952 32.371515
-115.450678 32.364682
-115.476808 32.385745
-115.469083 32.392579
> -Z
-115.443413 32.371171
-115.417288 32.350107
-115.425012 32.343274
-115.451136 32.364337
-115.443413 32.371171
> -Z
-115.525997 32.430593
-115.505082 32.413741
-115.510603 32.408859
-115.531518 32.425711
-115.525997 32.430593
> -Z
-115.505440 32.413476
-115.484529 32.396624
-115.490049 32.391742
-115.510960 32.408594
-115.505440 32.413476
> -Z
-115.484890 32.396356
-115.463982 32.379504
-115.469502 32.374622
-115.490409 32.391474
-115.484890 32.396356
> -Z
-115.464348 32.379232
-115.443444 32.362380
-115.448963 32.357498
-115.469866 32.374350
-115.464348 32.379232
> -Z
-115.443814 32.362106
-115.422914 32.345254
-115.428432 32.340372
-115.449331 32.357224
-115.443814 32.362106
> -Z
-115.529931 32.427187
-115.514992 32.415149
-115.518934 32.411664
-115.533873 32.423701
-115.529931 32.427187
> -Z
-115.515246 32.414961
-115.500309 32.402923
-115.504251 32.399438
-115.519188 32.411475
-115.515246 32.414961
> -Z
-115.500565 32.402734
-115.485630 32.390696
-115.489571 32.387211
-115.504506 32.399248
-115.500565 32.402734
> -Z
-115.485888 32.390506
-115.470955 32.378468
-115.474896 32.374983
-115.489828 32.387020
-115.485888 32.390506
> -Z
-115.471214 32.378276
-115.456283 32.366238
-115.460223 32.362753
-115.475154 32.374790
-115.471214 32.378276
> -Z
-115.456545 32.366044
-115.441616 32.354006
-115.445556 32.350521
-115.460484 32.362558
-115.456545 32.366044
> -Z
-115.441880 32.353810
-115.426953 32.341772
-115.430892 32.338287
-115.445819 32.350324
-115.441880 32.353810
> -Z
-115.532741 32.424756
-115.522280 32.416326
-115.525097 32.413836
-115.535558 32.422265
-115.532741 32.424756
> -Z
-115.522461 32.416199
-115.512001 32.407769
-115.514817 32.405279
-115.525277 32.413708
-115.522461 32.416199
> -Z
-115.512183 32.407641
-115.501724 32.399211
-115.504541 32.396721
-115.514999 32.405150
-115.512183 32.407641
> -Z
-115.501907 32.399082
-115.491449 32.390652
-115.494265 32.388162
-115.504723 32.396591
-115.501907 32.399082
> -Z
-115.491632 32.390523
-115.481175 32.382093
-115.483991 32.379603
-115.494448 32.388032
-115.491632 32.390523
> -Z
-115.481360 32.381962
-115.470904 32.373532
-115.473719 32.371042
-115.484175 32.379471
-115.481360 32.381962
> -Z
-115.471089 32.373401
-115.460634 32.364971
-115.463450 32.362481
-115.473904 32.370910
-115.471089 32.373401
> -Z
-115.460821 32.364839
-115.450367 32.356409
-115.453182 32.353919
-115.463636 32.362348
-115.460821 32.364839
> -Z
-115.450554 32.356276
-115.440101 32.347846
-115.442916 32.345356
-115.453369 32.353785
-115.450554 32.356276
> -Z
-115.440290 32.347713
-115.429838 32.339283
-115.432652 32.336793
-115.443104 32.345222
-115.440290 32.347713
> -Z
-115.534749 32.423017
-115.527276 32.416995
-115.529287 32.415217
-115.536760 32.421239
-115.534749 32.423017
> -Z
-115.527406 32.416905
-115.519934 32.410883
-115.521944 32.409105
-115.529417 32.415127
-115.527406 32.416905
> -Z
-115.520064 32.410793
-115.512592 32.404771
-115.514602 32.402993
-115.522074 32.409015
-115.520064 32.410793
> -Z
-115.512723 32.404680
-115.505251 32.398658
-115.507261 32.396880
-115.514733 32.402902
-115.512723 32.404680
> -Z
-115.505381 32.398567
-115.497910 32.392545
-115.499921 32.390767
-115.507391 32.396789
-115.505381 32.398567
> -Z
-115.498042 32.392453
-115.490572 32.386431
-115.492582 32.384653
-115.500052 32.390675
-115.498042 32.392453
> -Z
-115.490704 32.386339
-115.483234 32.380317
-115.485244 32.378539
-115.492714 32.384561
-115.490704 32.386339
> -Z
-115.483367 32.380225
-115.475897 32.374203
-115.477907 32.372425
-115.485376 32.378447
-115.483367 32.380225
> -Z
-115.476030 32.374110
-115.468561 32.368088
-115.470571 32.366310
-115.478040 32.372332
-115.476030 32.374110
> -Z
-115.468695 32.367995
-115.461227 32.361973
-115.463236 32.360195
-115.470704 32.366217
-115.468695 32.367995
> -Z
-115.461361 32.361879
-115.453893 32.355857
-115.455902 32.354079
-115.463370 32.360101
-115.461361 32.361879
> -Z
-115.454028 32.355763
-115.446560 32.349741
-115.448569 32.347963
-115.456037 32.353985
-115.454028 32.355763
> -Z
-115.446694 32.349646
-115.439227 32.343624
-115.441236 32.341846
-115.448703 32.347868
-115.446694 32.349646
> -Z
-115.439363 32.343530
-115.431897 32.337508
-115.433906 32.335730
-115.441372 32.341752
-115.439363 32.343530
> -Z
-115.616952 32.530188
-115.503922 32.454954
-115.517531 32.440421
-115.630561 32.515655
-115.616952 32.530188
> -Z
-115.626395 32.520241
-115.569891 32.482627
-115.579610 32.472247
-115.636114 32.509861
-115.626395 32.520241
> -Z
-115.570707 32.481945
-115.514227 32.444331
-115.523941 32.433951
-115.580422 32.471565
-115.570707 32.481945
> -Z
-115.633294 32.513006
-115.595627 32.487930
-115.602569 32.480515
-115.640236 32.505591
-115.633294 32.513006
> -Z
-115.596161 32.487482
-115.558505 32.462406
-115.565445 32.454991
-115.603101 32.480067
-115.596161 32.487482
> -Z
-115.559050 32.461948
-115.521405 32.436872
-115.528343 32.429457
-115.565988 32.454533
-115.559050 32.461948
> -Z
-115.638248 32.507812
-115.609999 32.489006
-115.614958 32.483708
-115.643207 32.502515
-115.638248 32.507812
> -Z
-115.610397 32.488673
-115.582154 32.469867
-115.587112 32.464569
-115.615355 32.483376
-115.610397 32.488673
> -Z
-115.582557 32.469527
-115.554320 32.450721
-115.559277 32.445423
-115.587513 32.464230
-115.582557 32.469527
> -Z
-115.554729 32.450376
-115.526498 32.431570
-115.531454 32.426272
-115.559684 32.445079
-115.554729 32.450376
> -Z
-115.641769 32.504119
-115.622938 32.491581
-115.626478 32.487799
-115.645310 32.500337
-115.641769 32.504119
> -Z
-115.623199 32.491361
-115.604370 32.478823
-115.607910 32.475041
-115.626739 32.487579
-115.623199 32.491361
> -Z
-115.604634 32.478600
-115.585808 32.466062
-115.589348 32.462280
-115.608174 32.474818
-115.604634 32.478600
> -Z
-115.586075 32.465837
-115.567252 32.453299
-115.570791 32.449517
-115.589614 32.462055
-115.586075 32.465837
> -Z
-115.567522 32.453072
-115.548701 32.440534
-115.552240 32.436752
-115.571060 32.449290
-115.567522 32.453072
> -Z
-115.548973 32.440303
-115.530155 32.427765
-115.533693 32.423983
-115.552512 32.436521
-115.548973 32.440303
> -Z
-115.644285 32.501476
-115.631734 32.493120
-115.634264 32.490417
-115.646815 32.498774
-115.644285 32.501476
> -Z
-115.631905 32.492971
-115.619355 32.484615
-115.621884 32.481912
-115.634434 32.490269
-115.631905 32.492971
> -Z
-115.619526 32.484466
-115.606977 32.476110
-115.609507 32.473407
-115.622056 32.481764
-115.619526 32.484466
> -Z
-115.607150 32.475959
-115.594603 32.467603
-115.597132 32.464900
-115.609680 32.473257
-115.607150 32.475959
> -Z
-115.594777 32.467451
-115.582231 32.459095
-115.584759 32.456392
-115.597306 32.464749
-115.594777 32.467451
> -Z
-115.582405 32.458942
-115.569860 32.450586
-115.572389 32.447883
-115.584934 32.456240
-115.582405 32.458942
> -Z
-115.570037 32.450432
-115.557493 32.442076
-115.560021 32.439373
-115.572565 32.447730
-115.570037 32.450432
> -Z
-115.557670 32.441921
-115.545127 32.433565
-115.547656 32.430862
-115.560198 32.439219
-115.557670 32.441921
> -Z
-115.545307 32.433408
-115.532765 32.425052
-115.535293 32.422349
-115.547835 32.430706
-115.545307 32.433408
> -Z
-115.646090 32.499587
-115.637396 32.493799
-115.639202 32.491869
-115.647896 32.497658
-115.646090 32.499587
> -Z
-115.637519 32.493700
-115.628825 32.487912
-115.630631 32.485982
-115.639324 32.491771
-115.637519 32.493700
> -Z
-115.628948 32.487812
-115.620255 32.482024
-115.622061 32.480094
-115.630754 32.485883
-115.628948 32.487812
> -Z
-115.620379 32.481924
-115.611687 32.476136
-115.613492 32.474206
-115.622185 32.479995
-115.620379 32.481924
> -Z
-115.611812 32.476035
-115.603120 32.470247
-115.604925 32.468317
-115.613617 32.474106
-115.611812 32.476035
> -Z
-115.603245 32.470145
-115.594553 32.464357
-115.596358 32.462427
-115.605050 32.468216
-115.603245 32.470145
> -Z
-115.594678 32.464255
-115.585987 32.458467
-115.587793 32.456537
-115.596483 32.462326
-115.594678 32.464255
> -Z
-115.586114 32.458364
-115.577424 32.452576
-115.579229 32.450646
-115.587919 32.456435
-115.586114 32.458364
> -Z
-115.577551 32.452473
-115.568861 32.446685
-115.570666 32.444755
-115.579356 32.450544
-115.577551 32.452473
> -Z
-115.568987 32.446582
-115.560298 32.440794
-115.562103 32.438864
-115.570792 32.444653
-115.568987 32.446582
> -Z
-115.560426 32.440689
-115.551738 32.434901
-115.553542 32.432971
-115.562231 32.438760
-115.560426 32.440689
> -Z
-115.551866 32.434796
-115.543178 32.429008
-115.544982 32.427078
-115.553670 32.432867
-115.551866 32.434796
> -Z
-115.543308 32.428903
-115.534620 32.423115
-115.536425 32.421185
-115.545112 32.426974
-115.543308 32.428903
> -Z
-115.661296 32.577676
-115.608911 32.525514
-115.625684 32.513553
-115.678069 32.565715
-115.661296 32.577676
> -Z
-115.673355 32.569252
-115.620975 32.517090
-115.632955 32.508547
-115.685334 32.560709
-115.673355 32.569252
> -Z
-115.681724 32.563386
-115.655540 32.537308
-115.664096 32.531205
-115.690281 32.557283
-115.681724 32.563386
> -Z
-115.656031 32.536998
-115.629854 32.510920
-115.638408 32.504817
-115.664585 32.530895
-115.656031 32.536998
> -Z
-115.687797 32.559138
-115.670341 32.541752
-115.676454 32.537393
-115.693909 32.554778
-115.687797 32.559138
> -Z
-115.670665 32.541548
-115.653213 32.524162
-115.659324 32.519803
-115.676777 32.537188
-115.670665 32.541548
> -Z
-115.653540 32.523956
-115.636091 32.506570
-115.642201 32.502211
-115.659650 32.519596
-115.653540 32.523956
> -Z
-115.692152 32.556091
-115.679061 32.543053
-115.683425 32.539940
-115.696517 32.552978
-115.692152 32.556091
> -Z
-115.679301 32.542900
-115.666212 32.529862
-115.670576 32.526749
-115.683665 32.539787
-115.679301 32.542900
> -Z
-115.666454 32.529707
-115.653367 32.516669
-115.657730 32.513556
-115.670817 32.526594
-115.666454 32.529707
> -Z
-115.653611 32.516512
-115.640526 32.503474
-115.644888 32.500361
-115.657974 32.513399
-115.653611 32.516512
> -Z
-115.695251 32.553923
-115.686524 32.545231
-115.689643 32.543006
-115.698370 32.551699
-115.695251 32.553923
> -Z
-115.686683 32.545129
-115.677957 32.536437
-115.681075 32.534212
-115.689801 32.542905
-115.686683 32.545129
> -Z
-115.678118 32.536334
-115.669392 32.527642
-115.672510 32.525417
-115.681235 32.534110
-115.678118 32.536334
> -Z
-115.669553 32.527539
-115.660828 32.518847
-115.663946 32.516622
-115.672671 32.525315
-115.669553 32.527539
> -Z
-115.660990 32.518743
-115.652266 32.510051
-115.655383 32.507826
-115.664107 32.516519
-115.660990 32.518743
> -Z
-115.652429 32.509947
-115.643706 32.501255
-115.646823 32.499030
-115.655546 32.507723
-115.652429 32.509947
> -Z
-115.697474 32.552369
-115.690928 32.545849
-115.693154 32.544262
-115.699699 32.550781
-115.697474 32.552369
> -Z
-115.691047 32.545774
-115.684502 32.539254
-115.686728 32.537667
-115.693273 32.544186
-115.691047 32.545774
> -Z
-115.684622 32.539178
-115.678078 32.532658
-115.680303 32.531071
-115.686848 32.537590
-115.684622 32.539178
> -Z
-115.678198 32.532582
-115.671654 32.526062
-115.673879 32.524475
-115.680423 32.530994
-115.678198 32.532582
> -Z
-115.671775 32.525986
-115.665231 32.519466
-115.667456 32.517879
-115.674000 32.524398
-115.671775 32.525986
> -Z
-115.665352 32.519389
-115.658809 32.512869
-115.661034 32.511282
-115.667577 32.517801
-115.665352 32.519389
> -Z
-115.658930 32.512792
-115.652388 32.506272
-115.654613 32.504685
-115.661155 32.511204
-115.658930 32.512792
> -Z
-115.652510 32.506195
-115.645968 32.499675
-115.648193 32.498088
-115.654735 32.504607
-115.652510 32.506195
> -Z
-115.738192 32.688755
-115.695648 32.630417
-115.714399 32.620731
-115.756943 32.679070
-115.738192 32.688755
> -Z
-115.696662 32.629916
-115.654146 32.571578
-115.672884 32.561892
-115.715401 32.620231
-115.696662 32.629916
> -Z
-115.751465 32.682044
-115.723106 32.643154
-115.736498 32.636236
-115.764857 32.675126
-115.751465 32.682044
> -Z
-115.723766 32.642824
-115.695420 32.603934
-115.708805 32.597016
-115.737152 32.635906
-115.723766 32.642824
> -Z
-115.696091 32.603598
-115.667757 32.564708
-115.681137 32.557790
-115.709471 32.596680
-115.696091 32.603598
> -Z
-115.760983 32.677233
-115.739714 32.648063
-115.749279 32.643121
-115.770549 32.672291
-115.760983 32.677233
> -Z
-115.740203 32.647821
-115.718941 32.618651
-115.728504 32.613709
-115.749766 32.642879
-115.740203 32.647821
> -Z
-115.719437 32.618405
-115.698182 32.589235
-115.707741 32.584293
-115.728996 32.613463
-115.719437 32.618405
> -Z
-115.698684 32.588986
-115.677436 32.559816
-115.686992 32.554874
-115.708241 32.584044
-115.698684 32.588986
> -Z
-115.767759 32.673807
-115.753578 32.654359
-115.760411 32.650828
-115.774592 32.670277
-115.767759 32.673807
> -Z
-115.753903 32.654200
-115.739725 32.634752
-115.746557 32.631221
-115.760735 32.650670
-115.753903 32.654200
> -Z
-115.740053 32.634592
-115.725878 32.615144
-115.732708 32.611613
-115.746883 32.631062
-115.740053 32.634592
> -Z
-115.726208 32.614982
-115.712036 32.595534
-115.718865 32.592003
-115.733037 32.611452
-115.726208 32.614982
> -Z
-115.712369 32.595371
-115.698201 32.575923
-115.705028 32.572392
-115.719197 32.591841
-115.712369 32.595371
> -Z
-115.698537 32.575758
-115.684372 32.556310
-115.691197 32.552779
-115.705363 32.572228
-115.698537 32.575758
> -Z
-115.772613 32.671347
-115.761982 32.656767
-115.766861 32.654246
-115.777492 32.668827
-115.772613 32.671347
> -Z
-115.762219 32.656643
-115.751590 32.642063
-115.756468 32.639542
-115.767098 32.654123
-115.762219 32.656643
> -Z
-115.751829 32.641938
-115.741202 32.627358
-115.746079 32.624837
-115.756707 32.639418
-115.751829 32.641938
> -Z
-115.741443 32.627231
-115.730817 32.612651
-115.735693 32.610130
-115.746319 32.624711
-115.741443 32.627231
> -Z
-115.731059 32.612524
-115.720434 32.597944
-115.725310 32.595423
-115.735935 32.610004
-115.731059 32.612524
> -Z
-115.720679 32.597817
-115.710056 32.583237
-115.714931 32.580716
-115.725554 32.595297
-115.720679 32.597817
> -Z
-115.710302 32.583108
-115.699681 32.568528
-115.704555 32.566007
-115.715176 32.580588
-115.710302 32.583108
> -Z
-115.699928 32.568399
-115.689309 32.553819
-115.694183 32.551298
-115.704802 32.565879
-115.699928 32.568399
> -Z
-115.776078 32.669595
-115.768347 32.658991
-115.771833 32.657190
-115.779565 32.667794
-115.776078 32.669595
> -Z
-115.768518 32.658901
-115.760788 32.648297
-115.764274 32.646496
-115.772004 32.657100
-115.768518 32.658901
> -Z
-115.760960 32.648207
-115.753231 32.637603
-115.756717 32.635802
-115.764446 32.646406
-115.760960 32.648207
> -Z
-115.753404 32.637513
-115.745676 32.626909
-115.749161 32.625108
-115.756889 32.635712
-115.753404 32.637513
> -Z
-115.745849 32.626817
-115.738122 32.616213
-115.741607 32.614412
-115.749334 32.625016
-115.745849 32.626817
> -Z
-115.738297 32.616122
-115.730571 32.605518
-115.734055 32.603717
-115.741781 32.614321
-115.738297 32.616122
> -Z
-115.730746 32.605426
-115.723020 32.594822
-115.726504 32.593021
-115.734229 32.603625
-115.730746 32.605426
> -Z
-115.723197 32.594730
-115.715472 32.584126
-115.718956 32.582325
-115.726680 32.592929
-115.723197 32.594730
> -Z
-115.715650 32.584033
-115.707926 32.573429
-115.711409 32.571628
-115.719133 32.582232
-115.715650 32.584033
> -Z
-115.708104 32.573336
-115.700381 32.562732
-115.703864 32.560931
-115.711587 32.571535
-115.708104 32.573336
> -Z
-115.700560 32.562638
-115.692838 32.552034
-115.696320 32.550233
-115.704042 32.560837
-115.700560 32.562638
> -Z
-115.778554 32.668344
-115.772883 32.660566
-115.775372 32.659280
-115.781043 32.667058
-115.778554 32.668344
> -Z
-115.773010 32.660502
-115.767340 32.652724
-115.769828 32.651438
-115.775498 32.659216
-115.773010 32.660502
> -Z
-115.767467 32.652660
-115.761797 32.644882
-115.764285 32.643596
-115.769955 32.651374
-115.767467 32.652660
> -Z
-115.761925 32.644818
-115.756255 32.637040
-115.758743 32.635754
-115.764412 32.643532
-115.761925 32.644818
> -Z
-115.756383 32.636975
-115.750714 32.629197
-115.753202 32.627911
-115.758871 32.635689
-115.756383 32.636975
> -Z
-115.750842 32.629132
-115.745174 32.621354
-115.747661 32.620068
-115.753329 32.627846
-115.750842 32.629132
> -Z
-115.745303 32.621289
-115.739635 32.613511
-115.742122 32.612225
-115.747790 32.620003
-115.745303 32.621289
> -Z
-115.739765 32.613446
-115.734097 32.605668
-115.736584 32.604382
-115.742252 32.612160
-115.739765 32.613446
> -Z
-115.734227 32.605602
-115.728560 32.597824
-115.731047 32.596538
-115.736714 32.604316
-115.734227 32.605602
> -Z
-115.728690 32.597759
-115.723024 32.589981
-115.725510 32.588695
-115.731177 32.596473
-115.728690 32.597759
> -Z
-115.723155 32.589915
-115.717489 32.582137
-115.719975 32.580851
-115.725641 32.588629
-115.723155 32.589915
> -Z
-115.717620 32.582070
-115.711954 32.574292
-115.714440 32.573006
-115.720106 32.580784
-115.717620 32.582070
> -Z
-115.712086 32.574226
-115.706421 32.566448
-115.708907 32.565162
-115.714572 32.572940
-115.712086 32.574226
> -Z
-115.706553 32.566381
-115.700889 32.558603
-115.703374 32.557317
-115.709039 32.565095
-115.706553 32.566381
> -Z
-115.701021 32.558536
-115.695357 32.550758
-115.697842 32.549472
-115.703506 32.557250
-115.701021 32.558536
