# Downloaded from https://igppweb.ucsd.edu/~fialko/baja.html on Sept. 21, 2024
# Credit: Yuri Fialko, presented in 2010 AGU Abstract
# Also cited in Gonzalez-Ortega et al., 2014, JGR, https://agupubs.onlinelibrary.wiley.com/doi/full/10.1002/2013JB010193
#TYP   LONCEN      LATCEN       DCEN      STR       DIP       HORLEN    DIPLEN    SS(m)    DS(m)  OP(m) RAKE
1   -115.139716   32.058868    11.732    312.65     59.00     7.190     6.313    -0.000    -0.171   0   0
2   -115.084633   32.014109    11.732    312.65     59.00     7.190     6.313    -0.000    -0.122   0   0
3   -115.029604   31.969327    11.732    312.65     59.00     7.190     6.313    -0.000    -0.058   0   0
4   -114.974629   31.924523    11.732    312.65     59.00     7.190     6.313    -0.015    -0.000   0   0
5   -115.131927   32.081486     7.867    312.65     59.00     4.794     4.509    -0.193    -0.275   0   0
6   -115.095193   32.051646     7.867    312.65     59.00     4.794     4.509    -0.221    -0.212   0   0
7   -115.058484   32.021796     7.867    312.65     59.00     4.794     4.509    -0.418    -0.240   0   0
8   -115.021798   31.991937     7.867    312.65     59.00     4.794     4.509    -0.463    -0.284   0   0
9   -114.985136   31.962068     7.867    312.65     59.00     4.794     4.509    -0.248    -0.249   0   0
10   -114.948497   31.932189     7.867    312.65     59.00     4.794     4.509    -0.015    -0.046   0   0
11   -115.124393   32.096042     5.106    312.65     59.00     3.595     3.221    -1.071    -0.470   0   0
12   -115.096838   32.073662     5.106    312.65     59.00     3.595     3.221    -0.962    -0.332   0   0
13   -115.069297   32.051276     5.106    312.65     59.00     3.595     3.221    -1.225    -0.327   0   0
14   -115.041769   32.028884     5.106    312.65     59.00     3.595     3.221    -1.174    -0.378   0   0
15   -115.014254   32.006487     5.106    312.65     59.00     3.595     3.221    -1.373    -0.435   0   0
16   -114.986753   31.984084     5.106    312.65     59.00     3.595     3.221    -1.724    -0.543   0   0
17   -114.959265   31.961676     5.106    312.65     59.00     3.595     3.221    -0.774    -0.451   0   0
18   -114.931791   31.939262     5.106    312.65     59.00     3.595     3.221    -0.011    -0.014   0   0
19   -115.119487   32.106827     3.134    312.65     59.00     2.615     2.301    -1.351    -0.712   0   0
20   -115.099444   32.090550     3.134    312.65     59.00     2.615     2.301    -1.249    -0.525   0   0
21   -115.079409   32.074270     3.134    312.65     59.00     2.615     2.301    -1.571    -0.404   0   0
22   -115.059380   32.057987     3.134    312.65     59.00     2.615     2.301    -1.837    -0.426   0   0
23   -115.039359   32.041701     3.134    312.65     59.00     2.615     2.301    -1.538    -0.455   0   0
24   -115.019345   32.025412     3.134    312.65     59.00     2.615     2.301    -1.598    -0.440   0   0
25   -114.999338   32.009121     3.134    312.65     59.00     2.615     2.301    -2.275    -0.499   0   0
26   -114.979338   31.992826     3.134    312.65     59.00     2.615     2.301    -3.005    -0.600   0   0
27   -114.959346   31.976529     3.134    312.65     59.00     2.615     2.301    -2.188    -0.532   0   0
28   -114.939360   31.960229     3.134    312.65     59.00     2.615     2.301    -0.538    -0.174   0   0
29   -114.919381   31.943925     3.134    312.65     59.00     2.615     2.301    -0.004    -0.050   0   0
30   -115.115970   32.114520     1.725    312.65     59.00     1.917     1.643    -1.202    -0.915   0   0
31   -115.101270   32.102584     1.725    312.65     59.00     1.917     1.643    -1.140    -0.722   0   0
32   -115.086575   32.090645     1.725    312.65     59.00     1.917     1.643    -1.224    -0.542   0   0
33   -115.071883   32.078706     1.725    312.65     59.00     1.917     1.643    -1.611    -0.461   0   0
34   -115.057196   32.066764     1.725    312.65     59.00     1.917     1.643    -1.742    -0.463   0   0
35   -115.042512   32.054821     1.725    312.65     59.00     1.917     1.643    -1.460    -0.473   0   0
36   -115.027832   32.042877     1.725    312.65     59.00     1.917     1.643    -1.200    -0.439   0   0
37   -115.013155   32.030931     1.725    312.65     59.00     1.917     1.643    -1.173    -0.303   0   0
38   -114.998483   32.018983     1.725    312.65     59.00     1.917     1.643    -1.860    -0.323   0   0
39   -114.983814   32.007034     1.725    312.65     59.00     1.917     1.643    -2.496    -0.361   0   0
40   -114.969149   31.995083     1.725    312.65     59.00     1.917     1.643    -2.737    -0.351   0   0
41   -114.954488   31.983131     1.725    312.65     59.00     1.917     1.643    -2.353    -0.282   0   0
42   -114.939831   31.971177     1.725    312.65     59.00     1.917     1.643    -1.534    -0.001   0   0
43   -114.925178   31.959222     1.725    312.65     59.00     1.917     1.643    -0.683    -0.000   0   0
44   -114.910528   31.947265     1.725    312.65     59.00     1.917     1.643    -0.117    -0.000   0   0
45   -115.113648   32.120171     0.719    312.65     59.00     1.370     1.174    -0.956    -1.021   0   0
46   -115.103148   32.111644     0.719    312.65     59.00     1.370     1.174    -0.922    -0.846   0   0
47   -115.092650   32.103117     0.719    312.65     59.00     1.370     1.174    -0.795    -0.592   0   0
48   -115.082153   32.094590     0.719    312.65     59.00     1.370     1.174    -0.855    -0.530   0   0
49   -115.071659   32.086061     0.719    312.65     59.00     1.370     1.174    -1.166    -0.511   0   0
50   -115.061166   32.077532     0.719    312.65     59.00     1.370     1.174    -1.242    -0.478   0   0
51   -115.050676   32.069001     0.719    312.65     59.00     1.370     1.174    -1.259    -0.507   0   0
52   -115.040187   32.060470     0.719    312.65     59.00     1.370     1.174    -0.940    -0.425   0   0
53   -115.029701   32.051939     0.719    312.65     59.00     1.370     1.174    -0.895    -0.363   0   0
54   -115.019216   32.043406     0.719    312.65     59.00     1.370     1.174    -0.655    -0.275   0   0
55   -115.008734   32.034873     0.719    312.65     59.00     1.370     1.174    -0.612    -0.146   0   0
56   -114.998253   32.026338     0.719    312.65     59.00     1.370     1.174    -1.050    -0.123   0   0
57   -114.987774   32.017803     0.719    312.65     59.00     1.370     1.174    -1.490    -0.155   0   0
58   -114.977297   32.009267     0.719    312.65     59.00     1.370     1.174    -1.674    -0.133   0   0
59   -114.966822   32.000731     0.719    312.65     59.00     1.370     1.174    -1.870    -0.095   0   0
60   -114.956349   31.992193     0.719    312.65     59.00     1.370     1.174    -1.854    -0.076   0   0
61   -114.945878   31.983655     0.719    312.65     59.00     1.370     1.174    -1.520    -0.000   0   0
62   -114.935409   31.975116     0.719    312.65     59.00     1.370     1.174    -1.715    -0.000   0   0
63   -114.924942   31.966576     0.719    312.65     59.00     1.370     1.174    -1.842    -0.000   0   0
64   -114.914477   31.958036     0.719    312.65     59.00     1.370     1.174    -0.889    -0.000   0   0
65   -114.904014   31.949494     0.719    312.65     59.00     1.370     1.174    -0.144    -0.002   0   0
66   -115.111938   32.124164     0.000    312.65     59.00     0.992     0.838    -0.827    -1.029   0   0
67   -115.104334   32.117990     0.000    312.65     59.00     0.992     0.838    -0.899    -0.905   0   0
68   -115.096731   32.111816     0.000    312.65     59.00     0.992     0.838    -0.808    -0.706   0   0
69   -115.089129   32.105641     0.000    312.65     59.00     0.992     0.838    -0.510    -0.438   0   0
70   -115.081528   32.099465     0.000    312.65     59.00     0.992     0.838    -0.269    -0.452   0   0
71   -115.073928   32.093289     0.000    312.65     59.00     0.992     0.838    -0.742    -0.487   0   0
72   -115.066329   32.087113     0.000    312.65     59.00     0.992     0.838    -0.952    -0.464   0   0
73   -115.058731   32.080936     0.000    312.65     59.00     0.992     0.838    -0.687    -0.495   0   0
74   -115.051134   32.074759     0.000    312.65     59.00     0.992     0.838    -0.657    -0.483   0   0
75   -115.043539   32.068582     0.000    312.65     59.00     0.992     0.838    -0.766    -0.478   0   0
76   -115.035944   32.062404     0.000    312.65     59.00     0.992     0.838    -0.714    -0.296   0   0
77   -115.028350   32.056225     0.000    312.65     59.00     0.992     0.838    -0.704    -0.272   0   0
78   -115.020757   32.050047     0.000    312.65     59.00     0.992     0.838    -0.415    -0.226   0   0
79   -115.013166   32.043867     0.000    312.65     59.00     0.992     0.838    -0.346    -0.184   0   0
80   -115.005575   32.037688     0.000    312.65     59.00     0.992     0.838    -0.385    -0.090   0   0
81   -114.997985   32.031508     0.000    312.65     59.00     0.992     0.838    -0.480    -0.066   0   0
82   -114.990397   32.025327     0.000    312.65     59.00     0.992     0.838    -0.616    -0.047   0   0
83   -114.982809   32.019146     0.000    312.65     59.00     0.992     0.838    -0.940    -0.080   0   0
84   -114.975222   32.012965     0.000    312.65     59.00     0.992     0.838    -0.691    -0.026   0   0
85   -114.967637   32.006783     0.000    312.65     59.00     0.992     0.838    -0.982    -0.044   0   0
86   -114.960052   32.000601     0.000    312.65     59.00     0.992     0.838    -1.047    -0.000   0   0
87   -114.952469   31.994419     0.000    312.65     59.00     0.992     0.838    -0.583    -0.000   0   0
88   -114.944886   31.988236     0.000    312.65     59.00     0.992     0.838    -1.300    -0.024   0   0
89   -114.937305   31.982052     0.000    312.65     59.00     0.992     0.838    -1.240    -0.001   0   0
90   -114.929724   31.975868     0.000    312.65     59.00     0.992     0.838    -1.543    -0.000   0   0
91   -114.922145   31.969684     0.000    312.65     59.00     0.992     0.838    -2.390    -0.000   0   0
92   -114.914566   31.963500     0.000    312.65     59.00     0.992     0.838    -1.391    -0.000   0   0
93   -114.906989   31.957314     0.000    312.65     59.00     0.992     0.838    -0.628    -0.000   0   0
94   -114.899412   31.951129     0.000    312.65     59.00     0.992     0.838    -0.112    -0.000   0   0
95   -115.247952   32.226224    13.685    129.56     89.00     6.644     6.313    -0.001    -0.314   0   0
96   -115.194375   32.187305    13.685    129.56     89.00     6.644     6.313    -0.000    -0.381   0   0
97   -115.140843   32.148366    13.685    129.56     89.00     6.644     6.313    -0.001    -0.513   0   0
98   -115.255195   32.230547     9.176    129.56     89.00     4.983     4.509    -0.036    -0.573   0   0
99   -115.215003   32.201363     9.176    129.56     89.00     4.983     4.509    -0.002    -0.474   0   0
100   -115.174837   32.172166     9.176    129.56     89.00     4.983     4.509    -0.001    -0.578   0   0
101   -115.134697   32.142957     9.176    129.56     89.00     4.983     4.509    -0.034    -0.742   0   0
102   -115.259603   32.233080     5.955    129.56     89.00     3.986     3.221    -0.444    -0.418   0   0
103   -115.227445   32.209734     5.955    129.56     89.00     3.986     3.221    -0.270    -0.336   0   0
104   -115.195304   32.186380     5.955    129.56     89.00     3.986     3.221    -0.703    -0.290   0   0
105   -115.163180   32.163019     5.955    129.56     89.00     3.986     3.221    -0.816    -0.423   0   0
106   -115.131072   32.139651     5.955    129.56     89.00     3.986     3.221    -1.063    -0.502   0   0
107   -115.264475   32.236139     3.655    129.56     89.00     2.847     2.301    -0.828    -0.177   0   0
108   -115.241502   32.219465     3.655    129.56     89.00     2.847     2.301    -0.800    -0.153   0   0
109   -115.218537   32.202787     3.655    129.56     89.00     2.847     2.301    -1.210    -0.078   0   0
110   -115.195581   32.186105     3.655    129.56     89.00     2.847     2.301    -1.667    -0.021   0   0
111   -115.172633   32.169420     3.655    129.56     89.00     2.847     2.301    -1.821    -0.079   0   0
112   -115.149694   32.152730     3.655    129.56     89.00     2.847     2.301    -1.856    -0.153   0   0
113   -115.126763   32.136037     3.655    129.56     89.00     2.847     2.301    -1.996    -0.173   0   0
114   -115.268119   32.238443     2.012    129.56     89.00     1.993     1.643    -0.760    -0.074   0   0
115   -115.252036   32.226772     2.012    129.56     89.00     1.993     1.643    -0.865    -0.054   0   0
116   -115.235957   32.215099     2.012    129.56     89.00     1.993     1.643    -1.122    -0.013   0   0
117   -115.219883   32.203424     2.012    129.56     89.00     1.993     1.643    -1.559    -0.001   0   0
118   -115.203812   32.191748     2.012    129.56     89.00     1.993     1.643    -1.809    -0.000   0   0
119   -115.187746   32.180069     2.012    129.56     89.00     1.993     1.643    -2.090    -0.002   0   0
120   -115.171684   32.168389     2.012    129.56     89.00     1.993     1.643    -2.389    -0.002   0   0
121   -115.155625   32.156706     2.012    129.56     89.00     1.993     1.643    -2.352    -0.001   0   0
122   -115.139571   32.145022     2.012    129.56     89.00     1.993     1.643    -2.305    -0.001   0   0
123   -115.123522   32.133336     2.012    129.56     89.00     1.993     1.643    -2.291    -0.007   0   0
124   -115.270558   32.239969     0.838    129.56     89.00     1.424     1.174    -0.567    -0.082   0   0
125   -115.259069   32.231633     0.838    129.56     89.00     1.424     1.174    -0.672    -0.041   0   0
126   -115.247583   32.223296     0.838    129.56     89.00     1.424     1.174    -0.775    -0.004   0   0
127   -115.236098   32.214958     0.838    129.56     89.00     1.424     1.174    -0.920    -0.001   0   0
128   -115.224616   32.206620     0.838    129.56     89.00     1.424     1.174    -1.253    -0.001   0   0
129   -115.213136   32.198280     0.838    129.56     89.00     1.424     1.174    -1.653    -0.001   0   0
130   -115.201658   32.189939     0.838    129.56     89.00     1.424     1.174    -1.744    -0.002   0   0
131   -115.190182   32.181597     0.838    129.56     89.00     1.424     1.174    -1.872    -0.000   0   0
132   -115.178708   32.173254     0.838    129.56     89.00     1.424     1.174    -2.261    -0.018   0   0
133   -115.167236   32.164911     0.838    129.56     89.00     1.424     1.174    -2.354    -0.004   0   0
134   -115.155767   32.156566     0.838    129.56     89.00     1.424     1.174    -2.384    -0.001   0   0
135   -115.144299   32.148220     0.838    129.56     89.00     1.424     1.174    -2.274    -0.004   0   0
136   -115.132834   32.139873     0.838    129.56     89.00     1.424     1.174    -2.199    -0.006   0   0
137   -115.121370   32.131526     0.838    129.56     89.00     1.424     1.174    -2.011    -0.006   0   0
138   -115.272382   32.241119     0.000    129.56     89.00     0.997     0.838    -0.371    -0.129   0   0
139   -115.264340   32.235284     0.000    129.56     89.00     0.997     0.838    -0.501    -0.067   0   0
140   -115.256298   32.229449     0.000    129.56     89.00     0.997     0.838    -0.574    -0.032   0   0
141   -115.248258   32.223613     0.000    129.56     89.00     0.997     0.838    -0.566    -0.015   0   0
142   -115.240218   32.217777     0.000    129.56     89.00     0.997     0.838    -0.626    -0.016   0   0
143   -115.232180   32.211940     0.000    129.56     89.00     0.997     0.838    -0.737    -0.028   0   0
144   -115.224143   32.206102     0.000    129.56     89.00     0.997     0.838    -1.088    -0.007   0   0
145   -115.216107   32.200264     0.000    129.56     89.00     0.997     0.838    -1.408    -0.005   0   0
146   -115.208071   32.194426     0.000    129.56     89.00     0.997     0.838    -1.608    -0.002   0   0
147   -115.200037   32.188587     0.000    129.56     89.00     0.997     0.838    -1.529    -0.015   0   0
148   -115.192004   32.182748     0.000    129.56     89.00     0.997     0.838    -1.085    -0.122   0   0
149   -115.183972   32.176908     0.000    129.56     89.00     0.997     0.838    -1.829    -0.000   0   0
150   -115.175941   32.171068     0.000    129.56     89.00     0.997     0.838    -2.225    -0.006   0   0
151   -115.167911   32.165227     0.000    129.56     89.00     0.997     0.838    -2.263    -0.006   0   0
152   -115.159882   32.159386     0.000    129.56     89.00     0.997     0.838    -2.079    -0.003   0   0
153   -115.151854   32.153545     0.000    129.56     89.00     0.997     0.838    -2.177    -0.003   0   0
154   -115.143827   32.147703     0.000    129.56     89.00     0.997     0.838    -2.069    -0.028   0   0
155   -115.135801   32.141860     0.000    129.56     89.00     0.997     0.838    -1.863    -0.084   0   0
156   -115.127776   32.136017     0.000    129.56     89.00     0.997     0.838    -1.792    -0.007   0   0
157   -115.119752   32.130173     0.000    129.56     89.00     0.997     0.838    -1.377    -0.037   0   0
158   -115.377038   32.333358    13.435    124.38     79.00     8.972     6.313    -0.001    -0.375   0   0
159   -115.299250   32.286636    13.435    124.38     79.00     8.972     6.313    -0.001    -0.423   0   0
160   -115.395284   32.334802     9.009    124.38     79.00     5.981     4.509    -0.102    -0.799   0   0
161   -115.343409   32.303667     9.009    124.38     79.00     5.981     4.509    -0.389    -0.920   0   0
162   -115.291570   32.272511     9.009    124.38     79.00     5.981     4.509    -0.014    -0.703   0   0
163   -115.405538   32.334165     5.847    124.38     79.00     4.486     3.221    -1.848    -0.672   0   0
164   -115.366626   32.310818     5.847    124.38     79.00     4.486     3.221    -2.204    -0.980   0   0
165   -115.327734   32.287460     5.847    124.38     79.00     4.486     3.221    -2.168    -0.878   0   0
166   -115.288862   32.264091     5.847    124.38     79.00     4.486     3.221    -0.555    -0.496   0   0
167   -115.414715   32.334821     3.589    124.38     79.00     2.991     2.301    -3.321    -0.381   0   0
168   -115.388770   32.319259     3.589    124.38     79.00     2.991     2.301    -3.248    -0.589   0   0
169   -115.362833   32.303693     3.589    124.38     79.00     2.991     2.301    -3.263    -0.893   0   0
170   -115.336906   32.288122     3.589    124.38     79.00     2.991     2.301    -3.207    -0.692   0   0
171   -115.310987   32.272545     3.589    124.38     79.00     2.991     2.301    -2.047    -0.368   0   0
172   -115.285078   32.256963     3.589    124.38     79.00     2.991     2.301    -0.874    -0.196   0   0
173   -115.420962   32.335104     1.975    124.38     79.00     1.994     1.643    -3.304    -0.415   0   0
174   -115.403663   32.324731     1.975    124.38     79.00     1.994     1.643    -3.699    -0.371   0   0
175   -115.386368   32.314356     1.975    124.38     79.00     1.994     1.643    -3.686    -0.438   0   0
176   -115.369077   32.303978     1.975    124.38     79.00     1.994     1.643    -3.405    -0.629   0   0
177   -115.351790   32.293599     1.975    124.38     79.00     1.994     1.643    -3.151    -0.692   0   0
178   -115.334508   32.283217     1.975    124.38     79.00     1.994     1.643    -3.029    -0.281   0   0
179   -115.317229   32.272833     1.975    124.38     79.00     1.994     1.643    -1.966    -0.119   0   0
180   -115.299954   32.262446     1.975    124.38     79.00     1.994     1.643    -1.210    -0.079   0   0
181   -115.282683   32.252058     1.975    124.38     79.00     1.994     1.643    -0.767    -0.077   0   0
182   -115.424996   32.335049     0.823    124.38     79.00     1.380     1.174    -2.375    -0.722   0   0
183   -115.413019   32.327868     0.823    124.38     79.00     1.380     1.174    -3.132    -0.553   0   0
184   -115.401044   32.320687     0.823    124.38     79.00     1.380     1.174    -3.164    -0.512   0   0
185   -115.389071   32.313504     0.823    124.38     79.00     1.380     1.174    -3.300    -0.511   0   0
186   -115.377100   32.306320     0.823    124.38     79.00     1.380     1.174    -3.201    -0.584   0   0
187   -115.365131   32.299135     0.823    124.38     79.00     1.380     1.174    -2.643    -0.789   0   0
188   -115.353163   32.291949     0.823    124.38     79.00     1.380     1.174    -2.208    -0.808   0   0
189   -115.341198   32.284762     0.823    124.38     79.00     1.380     1.174    -1.953    -0.418   0   0
190   -115.329234   32.277574     0.823    124.38     79.00     1.380     1.174    -1.481    -0.012   0   0
191   -115.317273   32.270385     0.823    124.38     79.00     1.380     1.174    -0.928    -0.019   0   0
192   -115.305313   32.263195     0.823    124.38     79.00     1.380     1.174    -0.857    -0.024   0   0
193   -115.293356   32.256003     0.823    124.38     79.00     1.380     1.174    -0.739    -0.070   0   0
194   -115.281400   32.248811     0.823    124.38     79.00     1.380     1.174    -0.566    -0.091   0   0
195   -115.427639   32.334867     0.000    124.38     79.00     0.997     0.838    -1.319    -0.912   0   0
196   -115.418989   32.329682     0.000    124.38     79.00     0.997     0.838    -2.308    -0.783   0   0
197   -115.410340   32.324496     0.000    124.38     79.00     0.997     0.838    -2.427    -0.636   0   0
198   -115.401692   32.319309     0.000    124.38     79.00     0.997     0.838    -1.535    -0.589   0   0
199   -115.393044   32.314121     0.000    124.38     79.00     0.997     0.838    -1.930    -0.615   0   0
200   -115.384398   32.308933     0.000    124.38     79.00     0.997     0.838    -2.462    -0.729   0   0
201   -115.375753   32.303745     0.000    124.38     79.00     0.997     0.838    -2.187    -0.933   0   0
202   -115.367108   32.298556     0.000    124.38     79.00     0.997     0.838    -2.036    -1.104   0   0
203   -115.358465   32.293366     0.000    124.38     79.00     0.997     0.838    -1.716    -1.134   0   0
204   -115.349823   32.288176     0.000    124.38     79.00     0.997     0.838    -0.977    -0.926   0   0
205   -115.341182   32.282985     0.000    124.38     79.00     0.997     0.838    -0.181    -0.595   0   0
206   -115.332541   32.277794     0.000    124.38     79.00     0.997     0.838    -0.877    -0.239   0   0
207   -115.323902   32.272602     0.000    124.38     79.00     0.997     0.838    -0.742    -0.014   0   0
208   -115.315264   32.267409     0.000    124.38     79.00     0.997     0.838    -0.180    -0.017   0   0
209   -115.306626   32.262216     0.000    124.38     79.00     0.997     0.838    -0.602    -0.016   0   0
210   -115.297990   32.257023     0.000    124.38     79.00     0.997     0.838    -0.695    -0.079   0   0
211   -115.289355   32.251829     0.000    124.38     79.00     0.997     0.838    -0.489    -0.116   0   0
212   -115.280721   32.246634     0.000    124.38     79.00     0.997     0.838    -0.362    -0.153   0   0
213   -115.475793   32.430346    12.941    133.67     71.00     6.773     6.313    -0.001    -0.012   0   0
214   -115.424434   32.387532    12.941    133.67     71.00     6.773     6.313    -0.001    -0.384   0   0
215   -115.495296   32.428032     8.677    133.67     71.00     4.515     4.509    -0.105    -0.023   0   0
216   -115.461046   32.399496     8.677    133.67     71.00     4.515     4.509    -0.015    -0.411   0   0
217   -115.426817   32.370952     8.677    133.67     71.00     4.515     4.509    -0.069    -0.818   0   0
218   -115.507391   32.424849     5.632    133.67     71.00     3.386     3.221    -1.745    -0.158   0   0
219   -115.481699   32.403450     5.632    133.67     71.00     3.386     3.221    -1.121    -0.452   0   0
220   -115.456019   32.382047     5.632    133.67     71.00     3.386     3.221    -1.280    -0.723   0   0
221   -115.430352   32.360639     5.632    133.67     71.00     3.386     3.221    -1.811    -0.745   0   0
222   -115.515540   32.422167     3.457    133.67     71.00     2.709     2.301    -2.969    -0.372   0   0
223   -115.494985   32.405050     3.457    133.67     71.00     2.709     2.301    -2.361    -0.563   0   0
224   -115.474437   32.387930     3.457    133.67     71.00     2.709     2.301    -2.545    -0.805   0   0
225   -115.453897   32.370806     3.457    133.67     71.00     2.709     2.301    -2.796    -0.754   0   0
226   -115.433365   32.353680     3.457    133.67     71.00     2.709     2.301    -3.286    -0.495   0   0
227   -115.522462   32.421168     1.903    133.67     71.00     1.935     1.643    -2.640    -0.550   0   0
228   -115.507778   32.408942     1.903    133.67     71.00     1.935     1.643    -2.341    -0.663   0   0
229   -115.493098   32.396715     1.903    133.67     71.00     1.935     1.643    -2.349    -0.950   0   0
230   -115.478422   32.384487     1.903    133.67     71.00     1.935     1.643    -2.735    -1.060   0   0
231   -115.463749   32.372257     1.903    133.67     71.00     1.935     1.643    -2.820    -1.004   0   0
232   -115.449081   32.360025     1.903    133.67     71.00     1.935     1.643    -2.988    -0.771   0   0
233   -115.434417   32.347791     1.903    133.67     71.00     1.935     1.643    -3.248    -0.513   0   0
234   -115.527511   32.420541     0.793    133.67     71.00     1.355     1.174    -1.533    -0.883   0   0
235   -115.517231   32.411984     0.793    133.67     71.00     1.355     1.174    -1.683    -0.927   0   0
236   -115.506954   32.403426     0.793    133.67     71.00     1.355     1.174    -1.543    -1.162   0   0
237   -115.496678   32.394867     0.793    133.67     71.00     1.355     1.174    -1.703    -1.290   0   0
238   -115.486404   32.386308     0.793    133.67     71.00     1.355     1.174    -1.947    -1.317   0   0
239   -115.476132   32.377747     0.793    133.67     71.00     1.355     1.174    -2.245    -1.294   0   0
240   -115.465862   32.369186     0.793    133.67     71.00     1.355     1.174    -2.226    -1.315   0   0
241   -115.455594   32.360624     0.793    133.67     71.00     1.355     1.174    -2.227    -1.195   0   0
242   -115.445328   32.352061     0.793    133.67     71.00     1.355     1.174    -2.309    -0.965   0   0
243   -115.435064   32.343498     0.793    133.67     71.00     1.355     1.174    -2.301    -0.805   0   0
244   -115.531013   32.420006     0.000    133.67     71.00     0.968     0.838    -0.657    -1.228   0   0
245   -115.523670   32.413894     0.000    133.67     71.00     0.968     0.838    -1.099    -1.213   0   0
246   -115.516328   32.407782     0.000    133.67     71.00     0.968     0.838    -1.086    -1.363   0   0
247   -115.508987   32.401669     0.000    133.67     71.00     0.968     0.838    -0.901    -1.531   0   0
248   -115.501646   32.395556     0.000    133.67     71.00     0.968     0.838    -1.222    -1.520   0   0
249   -115.494307   32.389442     0.000    133.67     71.00     0.968     0.838    -1.450    -1.517   0   0
250   -115.486969   32.383328     0.000    133.67     71.00     0.968     0.838    -1.406    -1.599   0   0
251   -115.479632   32.377214     0.000    133.67     71.00     0.968     0.838    -1.632    -1.508   0   0
252   -115.472296   32.371099     0.000    133.67     71.00     0.968     0.838    -1.746    -1.494   0   0
253   -115.464961   32.364984     0.000    133.67     71.00     0.968     0.838    -1.568    -1.472   0   0
254   -115.457627   32.358868     0.000    133.67     71.00     0.968     0.838    -1.690    -1.459   0   0
255   -115.450294   32.352752     0.000    133.67     71.00     0.968     0.838    -1.829    -1.309   0   0
256   -115.442961   32.346635     0.000    133.67     71.00     0.968     0.838    -1.499    -1.126   0   0
257   -115.435630   32.340519     0.000    133.67     71.00     0.968     0.838    -1.289    -1.006   0   0
258   -115.560461   32.492571    12.941    128.29     71.00    13.477     6.313    -0.002    -0.000   0   0
259   -115.598149   32.501434     8.677    128.29     71.00     6.738     4.509    -0.304    -0.002   0   0
260   -115.542473   32.463138     8.677    128.29     71.00     6.738     4.509    -0.191    -0.046   0   0
261   -115.614463   32.500468     5.632    128.29     71.00     4.492     3.221    -2.259    -0.566   0   0
262   -115.577336   32.474944     5.632    128.29     71.00     4.492     3.221    -2.467    -0.320   0   0
263   -115.540230   32.449410     5.632    128.29     71.00     4.492     3.221    -1.854    -0.127   0   0
264   -115.624125   32.498409     3.457    128.29     71.00     3.369     2.301    -3.187    -1.319   0   0
265   -115.596277   32.479270     3.457    128.29     71.00     3.369     2.301    -3.638    -1.167   0   0
266   -115.568440   32.460124     3.457    128.29     71.00     3.369     2.301    -3.471    -0.780   0   0
267   -115.540615   32.440973     3.457    128.29     71.00     3.369     2.301    -3.051    -0.393   0   0
268   -115.632354   32.497850     1.903    128.29     71.00     2.246     1.643    -2.979    -1.698   0   0
269   -115.613785   32.485092     1.903    128.29     71.00     2.246     1.643    -3.489    -1.851   0   0
270   -115.595222   32.472331     1.903    128.29     71.00     2.246     1.643    -3.563    -1.593   0   0
271   -115.576664   32.459568     1.903    128.29     71.00     2.246     1.643    -3.186    -1.156   0   0
272   -115.558112   32.446803     1.903    128.29     71.00     2.246     1.643    -2.884    -0.846   0   0
273   -115.539565   32.434034     1.903    128.29     71.00     2.246     1.643    -2.672    -0.570   0   0
274   -115.638010   32.497298     0.793    128.29     71.00     1.497     1.174    -2.123    -1.641   0   0
275   -115.625630   32.488793     0.793    128.29     71.00     1.497     1.174    -2.760    -2.087   0   0
276   -115.613252   32.480288     0.793    128.29     71.00     1.497     1.174    -2.869    -2.212   0   0
277   -115.600877   32.471781     0.793    128.29     71.00     1.497     1.174    -2.852    -2.040   0   0
278   -115.588504   32.463273     0.793    128.29     71.00     1.497     1.174    -2.552    -1.663   0   0
279   -115.576133   32.454764     0.793    128.29     71.00     1.497     1.174    -2.241    -1.248   0   0
280   -115.563765   32.446254     0.793    128.29     71.00     1.497     1.174    -1.887    -1.163   0   0
281   -115.551399   32.437743     0.793    128.29     71.00     1.497     1.174    -1.763    -0.932   0   0
282   -115.539036   32.429230     0.793    128.29     71.00     1.497     1.174    -1.534    -0.878   0   0
283   -115.641743   32.496693     0.000    128.29     71.00     1.037     0.838    -0.256    -1.946   0   0
284   -115.633172   32.490806     0.000    128.29     71.00     1.037     0.838    -1.933    -2.118   0   0
285   -115.624602   32.484918     0.000    128.29     71.00     1.037     0.838    -2.224    -2.410   0   0
286   -115.616033   32.479030     0.000    128.29     71.00     1.037     0.838    -1.853    -2.527   0   0
287   -115.607466   32.473141     0.000    128.29     71.00     1.037     0.838    -1.884    -2.475   0   0
288   -115.598899   32.467251     0.000    128.29     71.00     1.037     0.838    -1.742    -2.193   0   0
289   -115.590333   32.461361     0.000    128.29     71.00     1.037     0.838    -1.505    -1.967   0   0
290   -115.581769   32.455470     0.000    128.29     71.00     1.037     0.838    -1.512    -1.647   0   0
291   -115.573206   32.449579     0.000    128.29     71.00     1.037     0.838    -1.486    -1.470   0   0
292   -115.564643   32.443688     0.000    128.29     71.00     1.037     0.838    -0.900    -1.403   0   0
293   -115.556082   32.437795     0.000    128.29     71.00     1.037     0.838    -0.848    -1.286   0   0
294   -115.547522   32.431902     0.000    128.29     71.00     1.037     0.838    -0.923    -1.175   0   0
295   -115.538964   32.426009     0.000    128.29     71.00     1.037     0.838    -0.666    -1.226   0   0
296   -115.635111   32.551595    12.941    139.76     71.00     7.585     6.313    -0.001    -0.067   0   0
297   -115.647173   32.543171     8.677    139.76     71.00     7.585     4.509    -0.096    -0.015   0   0
298   -115.668634   32.550347     5.632    139.76     71.00     3.792     3.221    -1.045    -0.598   0   0
299   -115.642944   32.523959     5.632    139.76     71.00     3.792     3.221    -2.095    -0.548   0   0
300   -115.679070   32.550445     3.457    139.76     71.00     2.528     2.301    -2.262    -1.213   0   0
301   -115.661940   32.532855     3.457    139.76     71.00     2.528     2.301    -2.696    -1.125   0   0
302   -115.644816   32.515263     3.457    139.76     71.00     2.528     2.301    -3.092    -1.254   0   0
303   -115.685607   32.549572     1.903    139.76     71.00     1.896     1.643    -2.413    -1.426   0   0
304   -115.672757   32.536381     1.903    139.76     71.00     1.896     1.643    -3.058    -1.596   0   0
305   -115.659911   32.523188     1.903    139.76     71.00     1.896     1.643    -2.950    -1.691   0   0
306   -115.647069   32.509993     1.903    139.76     71.00     1.896     1.643    -2.940    -1.659   0   0
307   -115.690888   32.549577     0.793    139.76     71.00     1.264     1.174    -1.575    -1.059   0   0
308   -115.682320   32.540783     0.793    139.76     71.00     1.264     1.174    -2.394    -1.724   0   0
309   -115.673755   32.531988     0.793    139.76     71.00     1.264     1.174    -2.467    -2.064   0   0
310   -115.665191   32.523193     0.793    139.76     71.00     1.264     1.174    -2.431    -2.205   0   0
311   -115.656628   32.514397     0.793    139.76     71.00     1.264     1.174    -2.240    -2.078   0   0
312   -115.648068   32.505601     0.793    139.76     71.00     1.264     1.174    -2.127    -1.768   0   0
313   -115.694201   32.549109     0.000    139.76     71.00     0.948     0.838    -0.179    -0.789   0   0
314   -115.687775   32.542514     0.000    139.76     71.00     0.948     0.838    -1.371    -1.643   0   0
315   -115.681350   32.535918     0.000    139.76     71.00     0.948     0.838    -1.372    -2.154   0   0
316   -115.674926   32.529322     0.000    139.76     71.00     0.948     0.838    -1.953    -2.451   0   0
317   -115.668503   32.522726     0.000    139.76     71.00     0.948     0.838    -1.510    -2.467   0   0
318   -115.662081   32.516129     0.000    139.76     71.00     0.948     0.838    -1.669    -2.456   0   0
319   -115.655659   32.509532     0.000    139.76     71.00     0.948     0.838    -1.028    -2.351   0   0
320   -115.649239   32.502935     0.000    139.76     71.00     0.948     0.838    -0.172    -2.066   0   0
321   -115.716927   32.659586    12.941    148.46     71.00     7.598     6.313    -0.004    -0.071   0   0
322   -115.675411   32.600747    12.941    148.46     71.00     7.598     6.313    -0.003    -0.084   0   0
323   -115.737289   32.662599     8.677    148.46     71.00     5.065     4.509    -0.002    -0.212   0   0
324   -115.709596   32.623379     8.677    148.46     71.00     5.065     4.509    -0.004    -0.231   0   0
325   -115.681927   32.584153     8.677    148.46     71.00     5.065     4.509    -0.018    -0.069   0   0
326   -115.750350   32.662648     5.632    148.46     71.00     3.799     3.221    -0.000    -0.255   0   0
327   -115.729574   32.633236     5.632    148.46     71.00     3.799     3.221    -0.050    -0.618   0   0
328   -115.708811   32.603820     5.632    148.46     71.00     3.799     3.221    -0.308    -0.687   0   0
329   -115.688062   32.574401     5.632    148.46     71.00     3.799     3.221    -0.904    -0.620   0   0
330   -115.760669   32.664083     3.457    148.46     71.00     2.533     2.301    -0.071    -0.108   0   0
331   -115.746815   32.644476     3.457    148.46     71.00     2.533     2.301    -0.127    -0.469   0   0
332   -115.732966   32.624868     3.457    148.46     71.00     2.533     2.301    -0.472    -0.827   0   0
333   -115.719123   32.605258     3.457    148.46     71.00     2.533     2.301    -0.875    -1.014   0   0
334   -115.705286   32.585647     3.457    148.46     71.00     2.533     2.301    -1.503    -1.099   0   0
335   -115.691455   32.566034     3.457    148.46     71.00     2.533     2.301    -2.147    -1.182   0   0
336   -115.767298   32.664057     1.903    148.46     71.00     1.899     1.643    -0.175    -0.010   0   0
337   -115.756905   32.649353     1.903    148.46     71.00     1.899     1.643    -0.198    -0.167   0   0
338   -115.746516   32.634648     1.903    148.46     71.00     1.899     1.643    -0.551    -0.508   0   0
339   -115.736130   32.619941     1.903    148.46     71.00     1.899     1.643    -0.931    -0.783   0   0
340   -115.725747   32.605234     1.903    148.46     71.00     1.899     1.643    -1.014    -0.982   0   0
341   -115.715368   32.590527     1.903    148.46     71.00     1.899     1.643    -1.576    -1.208   0   0
342   -115.704992   32.575818     1.903    148.46     71.00     1.899     1.643    -2.146    -1.246   0   0
343   -115.694619   32.561109     1.903    148.46     71.00     1.899     1.643    -2.321    -1.330   0   0
344   -115.772213   32.664293     0.793    148.46     71.00     1.381     1.174    -0.188    -0.004   0   0
345   -115.764653   32.653599     0.793    148.46     71.00     1.381     1.174    -0.292    -0.003   0   0
346   -115.757096   32.642905     0.793    148.46     71.00     1.381     1.174    -0.432    -0.136   0   0
347   -115.749540   32.632211     0.793    148.46     71.00     1.381     1.174    -0.598    -0.315   0   0
348   -115.741986   32.621515     0.793    148.46     71.00     1.381     1.174    -0.921    -0.483   0   0
349   -115.734434   32.610820     0.793    148.46     71.00     1.381     1.174    -0.995    -0.702   0   0
350   -115.726883   32.600124     0.793    148.46     71.00     1.381     1.174    -1.247    -0.850   0   0
351   -115.719335   32.589428     0.793    148.46     71.00     1.381     1.174    -1.442    -1.016   0   0
352   -115.711788   32.578731     0.793    148.46     71.00     1.381     1.174    -1.505    -0.906   0   0
353   -115.704243   32.568034     0.793    148.46     71.00     1.381     1.174    -1.778    -0.912   0   0
354   -115.696699   32.557336     0.793    148.46     71.00     1.381     1.174    -1.543    -0.898   0   0
355   -115.775719   32.664455     0.000    148.46     71.00     1.013     0.838    -0.082    -0.004   0   0
356   -115.770175   32.656613     0.000    148.46     71.00     1.013     0.838    -0.171    -0.085   0   0
357   -115.764632   32.648771     0.000    148.46     71.00     1.013     0.838    -0.790    -0.001   0   0
358   -115.759090   32.640929     0.000    148.46     71.00     1.013     0.838    -0.366    -0.001   0   0
359   -115.753549   32.633086     0.000    148.46     71.00     1.013     0.838    -0.090    -0.001   0   0
360   -115.748008   32.625243     0.000    148.46     71.00     1.013     0.838    -0.299    -0.378   0   0
361   -115.742469   32.617400     0.000    148.46     71.00     1.013     0.838    -0.735    -0.496   0   0
362   -115.736931   32.609557     0.000    148.46     71.00     1.013     0.838    -1.047    -0.678   0   0
363   -115.731394   32.601713     0.000    148.46     71.00     1.013     0.838    -1.122    -0.815   0   0
364   -115.725857   32.593870     0.000    148.46     71.00     1.013     0.838    -1.099    -0.221   0   0
365   -115.720322   32.586026     0.000    148.46     71.00     1.013     0.838    -1.284    -0.203   0   0
366   -115.714787   32.578181     0.000    148.46     71.00     1.013     0.838    -0.035    -0.000   0   0
367   -115.709254   32.570337     0.000    148.46     71.00     1.013     0.838    -0.241    -0.522   0   0
368   -115.703721   32.562492     0.000    148.46     71.00     1.013     0.838    -0.851    -0.509   0   0
369   -115.698189   32.554647     0.000    148.46     71.00     1.013     0.838    -0.117    -0.570   0   0