2010/01/10 -124.69250 40.65200 28.737 6.50
2010/01/10 -124.82883 40.42033 17.720 3.46
2010/01/10 -124.75200 40.62033 28.289 3.71
2010/01/10 -124.58767 40.67867 23.440 3.32
2010/01/10 -124.64533 40.65050 25.910 3.15
2010/01/10 -124.76984 40.59050 24.280 3.39
2010/01/10 -124.78284 40.60867 20.380 4.41
2010/01/10 -124.69900 40.62133 25.160 3.97
2010/01/10 -124.63200 40.30867 16.520 4.12
2010/01/10 -124.66400 40.63600 23.300 3.91
2010/01/11 -124.84866 40.46267 23.561 4.05
2010/01/11 -124.67333 40.65700 26.150 3.12
2010/01/12 -124.88200 40.50750 14.078 3.18
2010/01/13 -124.91750 40.52550 16.261 3.15
2010/01/13 -124.68650 40.65050 24.508 3.33
2010/02/04 -124.96133 40.41233 23.048 5.88
2010/02/06 -125.00083 40.37467 9.021 3.32
2010/02/06 -124.96800 40.37233 10.808 3.63
2010/03/04 -124.98250 40.38783 8.167 3.90
2010/03/06 -124.73333 40.31983 12.397 4.53
2010/03/19 -124.76217 40.59967 20.477 3.70
2010/04/12 -124.53183 40.31367 20.520 3.91
2010/04/15 -124.27084 40.48550 24.912 3.24
