-120.433700 35.939355 
-120.430824 35.888387 
-120.750758 35.791615 
-120.009386 34.733013 
-120.479499 35.866718 
-120.402387 35.880815 
-120.473287 35.899793 
-120.594288 35.828713 
-120.443063 35.832600 
-120.758604 36.186905 
-120.766850 36.180528 
-120.351396 34.038263 
-120.434054 35.969474 
-121.002964 35.551756 
-121.792523 36.485528 
-121.767249 36.228078 
-121.290338 35.945720 
-121.050903 36.302155 
-121.134861 36.425906 
-121.403243 36.292836 
-121.731846 36.816141 
-121.698042 36.879179 
-121.862737 36.962014 
-121.905414 36.621680 
-121.579045 36.724023 
-121.420287 36.800428 
-121.591230 36.858529 
-121.541545 36.814275 
-121.554464 36.903547 
-121.386834 36.637027 
-121.547790 36.962464 
-121.463186 36.953934 
-121.335155 36.918190 
-121.188437 36.559521 
-121.268440 36.950036 
-121.347952 36.811451 
-121.060758 35.711255 
-121.062020 35.790651 
-120.347609 35.544057 
-120.345216 35.837810 
-120.285258 35.806671 
-120.906848 35.933264 
-120.981483 36.417181 
-120.853058 36.515910 
-120.697835 36.024838 
-120.878905 36.140210 
-120.748820 36.106845 
-120.728254 36.178940 
-120.644774 35.922780 
-120.475278 36.007466 
-120.542995 36.089365 
-120.439884 36.123237 
-120.842387 35.697080 
-120.363563 36.051656 
-120.551862 35.974089 
-120.294061 36.015843 
-120.743055 36.806292 
-120.356601 36.739005 
-120.057922 36.947271 
-120.650177 34.907266 
-120.409753 35.010718 
-120.239855 34.870557 
-120.383396 35.106204 
-120.075310 35.020036 
-120.860277 35.304453 
-120.808145 35.425771 
-120.604758 35.754147 
-120.545452 35.327814 
-120.353831 35.440454 
-120.480437 35.624804 
-120.536604 35.792693 
-120.267030 35.633814 
-120.370956 35.747933 
-120.101425 35.235130 
-120.025023 35.279770 
-120.112502 35.534176 
-120.182053 35.702675 
-120.130638 35.801281 
-120.000680 35.686733 
-120.292603 35.688913 
-120.154886 35.927905 
-120.244963 35.686728 
-120.970004 35.669665 
-120.239033 35.694333 
-120.227895 35.729166 
-120.216193 35.693821 
-121.580835 36.799479 
-121.478766 36.744338 
-120.471730 35.946589 
-120.515379 35.929151 
-121.272415 35.708956 
-120.541561 35.945242 
-121.137351 36.161069 
-120.524829 35.899997 
-121.447190 36.765308 
-120.065225 34.004340 
-120.360339 35.917413 
-120.132567 34.483478 
-120.661097 35.311808 
-120.563513 34.826618 
-120.616455 34.556315 
