2014/03/10 -125.11150 40.81417 22.687 3.07
2014/03/10 -125.13383 40.82867 16.441 6.80
2014/03/10 -125.40500 40.65217 10.696 3.39
2014/03/10 -125.35067 40.57400 17.236 3.79
2014/03/10 -125.20917 40.74417 24.165 3.03
2014/03/10 -125.36050 40.62117 18.726 4.35
2014/03/10 -125.36667 40.57100 9.532 3.22
2014/03/10 -124.93716 40.71883 3.154 3.33
2014/03/10 -125.24267 40.52100 20.535 3.03
2014/03/10 -125.22234 40.72817 23.445 3.00
2014/03/10 -125.21000 40.76383 24.055 3.64
2014/03/10 -125.12183 40.82617 21.033 3.71
2014/03/10 -125.21017 40.71917 23.945 3.24
2014/03/10 -125.19150 40.77783 18.883 4.47
2014/03/10 -125.29800 40.66117 21.532 3.46
2014/03/10 -125.32484 40.60133 23.842 3.05
2014/03/10 -125.29183 40.68550 22.152 3.28
2014/03/10 -124.87534 40.44833 7.434 3.65
2014/03/11 -125.30650 40.64550 23.182 3.14
2014/03/14 -124.61034 40.34817 19.005 4.00
2014/03/16 -125.02184 40.85850 24.120 4.01
2014/03/18 -125.33283 40.68633 22.999 4.41
2014/03/19 -124.50383 40.30583 6.295 3.04
2014/03/19 -124.52783 40.30717 6.665 3.30
2014/03/19 -124.47884 40.30700 7.561 3.32
2014/03/19 -124.51266 40.30684 6.939 3.95
2014/03/20 -124.49983 40.29783 3.813 3.22
2014/03/21 -125.33933 40.66500 21.039 3.79
2014/04/12 -125.34950 40.43733 24.348 3.05
2014/04/23 -125.42050 40.63833 22.472 3.32
2014/05/25 -124.99017 40.39233 0.981 3.02
2014/06/02 -124.42017 40.34550 18.121 4.14
2014/06/14 -125.41500 40.24767 4.492 3.31
2014/06/25 -124.25400 40.55650 23.822 3.20
